[gd_scene load_steps=739 format=3 uid="uid://dp21lwyd7ektd"]

[ext_resource type="Material" uid="uid://ca4h2j754d03l" path="res://scenes/environments/night_sky_material.tres" id="1_5dde6"]
[ext_resource type="Shader" uid="uid://byo8l8opsy0ej" path="res://scripts/shaders/fractal_texture.gdshader" id="1_f4hs7"]
[ext_resource type="Texture2D" uid="uid://ca3fvmjrvtxmp" path="res://assets/models/textures/brown_mud_leaves_01_1k/brown_mud_leaves_01_diff_1k.jpg" id="2_ut518"]
[ext_resource type="Texture2D" uid="uid://emtr1qk7apq0" path="res://assets/models/textures/brown_mud_leaves_01_1k/brown_mud_leaves_01_nor_gl_1k.jpg" id="3_5dde6"]
[ext_resource type="PackedScene" uid="uid://d0w8rtjiyd4w8" path="res://scenes/environments/pasillo.tscn" id="5_aiuh7"]
[ext_resource type="PackedScene" uid="uid://d4nulm708450" path="res://scenes/environments/curva.tscn" id="6_s6w06"]
[ext_resource type="PackedScene" uid="uid://d15c8efq5ixob" path="res://scenes/environments/conexion_t.tscn" id="7_kkcbo"]
[ext_resource type="PackedScene" uid="uid://d3uwy73cbq3q2" path="res://scenes/environments/cross.tscn" id="8_5le38"]
[ext_resource type="Script" uid="uid://bc7pailucq83t" path="res://addons/dreadpon.spatial_gardener/gardener/gardener.gd" id="10_kkcbo"]
[ext_resource type="Script" uid="uid://dieiojnt518h" path="res://addons/dreadpon.spatial_gardener/arborist/mmi_octree/mmi_octree_node.gd" id="11_5le38"]
[ext_resource type="Script" uid="uid://c4s4x5b27vdf6" path="res://addons/dreadpon.spatial_gardener/arborist/mmi_octree/mmi_octree_manager.gd" id="12_amays"]
[ext_resource type="Script" uid="uid://d1pavk3gl4atd" path="res://addons/dreadpon.spatial_gardener/arborist/arborist.gd" id="13_m23d7"]
[ext_resource type="PackedScene" uid="uid://cbvlx3ebok75r" path="res://scenes/elements/interactable.tscn" id="14_5le38"]
[ext_resource type="PackedScene" uid="uid://dxo74iq1prr8o" path="res://scenes/luz_mala.tscn" id="15_amays"]
[ext_resource type="PackedScene" uid="uid://c1tjdipv5uytc" path="res://scenes/player/player_custom.tscn" id="15_m23d7"]
[ext_resource type="PackedScene" uid="uid://ngd7spergvkf" path="res://scenes/elements/normal_car.tscn" id="16_m23d7"]

[sub_resource type="Sky" id="Sky_pjb6r"]
sky_material = ExtResource("1_5dde6")

[sub_resource type="Environment" id="Environment_548bx"]
background_mode = 2
sky = SubResource("Sky_pjb6r")
tonemap_mode = 4
fog_enabled = true
fog_light_energy = 0.6
fog_sun_scatter = 0.1
fog_sky_affect = 0.016
fog_height = 1.5
fog_height_density = 0.05
adjustment_enabled = true

[sub_resource type="ShaderMaterial" id="ShaderMaterial_aiuh7"]
render_priority = 0
shader = ExtResource("1_f4hs7")
shader_parameter/uv_scale = 10.0
shader_parameter/ground_texture = ExtResource("2_ut518")
shader_parameter/normal_texture = ExtResource("3_5dde6")
shader_parameter/albedo_intensity = 0.19

[sub_resource type="Resource" id="Resource_kkcbo"]
resource_local_to_scene = true
resource_name = "MMIOctreeNode"
script = ExtResource("11_5le38")
member_placeforms = []
child_nodes = []
max_members = 75
min_leaf_extent = 1.0
octant = 0
is_leaf = true
center_pos = Vector3(-97, -21, -127)
extent = 64.0
bounds = AABB(-161, -85, -191, 128, 128, 128)
max_bounds_to_center_dist = 110.851
min_bounds_to_center_dist = 64.0
active_LOD_index = 0
metadata/class = "MMIOctreeNode"

[sub_resource type="Resource" id="Resource_5le38"]
resource_local_to_scene = true
resource_name = "MMIOctreeNode"
script = ExtResource("11_5le38")
member_placeforms = [[Vector3(-33.0619, 0.0500001, -3.81648), Vector3(0, 1, 0), Transform3D(0.0598836, 0, 0.998205, 0, 1, 0, -0.998205, 0, 0.0598836, -33.0619, 0.0500001, -3.81648), 6], [Vector3(-33.0054, 0.0500002, -2.45543), Vector3(0, 1, 0), Transform3D(0.951699, 0, -0.307031, 0, 1, 0, 0.307031, 0, 0.951699, -33.0054, 0.0500002, -2.45543), 6], [Vector3(-33.0549, 0.0500002, -1.12071), Vector3(0, 1, 0), Transform3D(0.638872, 0, 0.769313, 0, 1, 0, -0.769313, 0, 0.638872, -33.0549, 0.0500002, -1.12071), 6], [Vector3(-35.3975, 0.05, 2.00451), Vector3(0, 1, 0), Transform3D(-0.0407899, 0, 0.999168, 0, 1, 0, -0.999168, 0, -0.0407899, -35.3975, 0.05, 2.00451), 7], [Vector3(-34.5786, 0.05, 6.00257), Vector3(0, 1, 0), Transform3D(0.44237, 0, 0.896833, 0, 1, 0, -0.896833, 0, 0.44237, -34.5786, 0.05, 6.00257), 7], [Vector3(-35.231, 0.0500001, 9.67021), Vector3(0, 1, 0), Transform3D(0.0406848, 0, 0.999172, 0, 1, 0, -0.999172, 0, 0.0406848, -35.231, 0.0500001, 9.67021), 7], [Vector3(-33.8443, 0.05, 12.4584), Vector3(0, 1, 0), Transform3D(0.000323697, 0, 1, 0, 1, 0, -1, 0, 0.000323697, -33.8443, 0.05, 12.4584), 7], [Vector3(-34.0599, 0.0500002, 17.0201), Vector3(0, 1, 0), Transform3D(-0.931639, 0, 0.0650678, 0, 0.933908, 0, -0.0650678, 0, -0.931639, -34.0599, 0.0500002, 17.0201), 7], [Vector3(-33.7099, 0.0499997, -4.90942), Vector3(0, 1, 0), Transform3D(-0.0702185, 0, -0.803551, 0, 0.806613, 0, 0.803551, 0, -0.0702185, -33.7099, 0.0499997, -4.90942), 6], [Vector3(-38.844, 0.05, 3.43362), Vector3(0, 1, 0), Transform3D(-0.146168, 0, -0.880662, 0, 0.89271, 0, 0.880662, 0, -0.146168, -38.844, 0.05, 3.43362), 7], [Vector3(-35.2471, 0.05, 6.47731), Vector3(0, 1, 0), Transform3D(-0.194783, 0, 0.932401, 0, 0.95253, 0, -0.932401, 0, -0.194783, -35.2471, 0.05, 6.47731), 7], [Vector3(-35.1897, 0.05, 10.3608), Vector3(0, 1, 0), Transform3D(-0.0563887, 0, 1.04784, 0, 1.04936, 0, -1.04784, 0, -0.0563887, -35.1897, 0.05, 10.3608), 7], [Vector3(-36.9009, 0.05, 11.4562), Vector3(0, 1, 0), Transform3D(-0.142723, 0, -0.960797, 0, 0.97134, 0, 0.960797, 0, -0.142723, -36.9009, 0.05, 11.4562), 7], [Vector3(-33.7587, 0.05, 15.6356), Vector3(0, 1, 0), Transform3D(0.00078126, 0, 0.909052, 0, 0.909052, 0, -0.909052, 0, 0.00078126, -33.7587, 0.05, 15.6356), 7], [Vector3(-36.4784, 0.05, 1.4427), Vector3(0, 1, 0), Transform3D(-0.283988, 0, 1.06288, 0, 1.10016, 0, -1.06288, 0, -0.283988, -36.4784, 0.05, 1.4427), 7], [Vector3(-37.5366, 0.05, 0.110969), Vector3(0, 1, 0), Transform3D(0.783641, 0, -0.663265, 0, 1.02665, 0, 0.663265, 0, 0.783641, -37.5366, 0.05, 0.110969), 6], [Vector3(-34.0845, 0.0500001, -0.214491), Vector3(0, 1, 0), Transform3D(1.06694, 0, 0.54321, 0, 1.19727, 0, -0.54321, 0, 1.06694, -34.0845, 0.0500001, -0.214491), 6], [Vector3(-36.6454, 0.05, -4.80212), Vector3(0, 1, 0), Transform3D(-0.157861, 0, 0.989224, 0, 1.00174, 0, -0.989224, 0, -0.157861, -36.6454, 0.05, -4.80212), 6], [Vector3(-33.7867, 0.0499997, 7.81383), Vector3(0, 1, 0), Transform3D(0.911945, 0, -0.38793, 0, 0.991026, 0, 0.38793, 0, 0.911945, -33.7867, 0.0499997, 7.81383), 7]]
child_nodes = []
max_members = 75
min_leaf_extent = 1.0
octant = 1
is_leaf = true
center_pos = Vector3(-97, -21, 1)
extent = 64.0
bounds = AABB(-161, -85, -63, 128, 128, 128)
max_bounds_to_center_dist = 110.851
min_bounds_to_center_dist = 64.0
active_LOD_index = 0
metadata/class = "MMIOctreeNode"

[sub_resource type="Resource" id="Resource_amays"]
resource_local_to_scene = true
resource_name = "MMIOctreeNode"
script = ExtResource("11_5le38")
member_placeforms = []
child_nodes = []
max_members = 75
min_leaf_extent = 1.0
octant = 2
is_leaf = true
center_pos = Vector3(-97, 107, -127)
extent = 64.0
bounds = AABB(-161, 43, -191, 128, 128, 128)
max_bounds_to_center_dist = 110.851
min_bounds_to_center_dist = 64.0
active_LOD_index = 0
metadata/class = "MMIOctreeNode"

[sub_resource type="Resource" id="Resource_m23d7"]
resource_local_to_scene = true
resource_name = "MMIOctreeNode"
script = ExtResource("11_5le38")
member_placeforms = []
child_nodes = []
max_members = 75
min_leaf_extent = 1.0
octant = 3
is_leaf = true
center_pos = Vector3(-97, 107, 1)
extent = 64.0
bounds = AABB(-161, 43, -63, 128, 128, 128)
max_bounds_to_center_dist = 110.851
min_bounds_to_center_dist = 64.0
active_LOD_index = 0
metadata/class = "MMIOctreeNode"

[sub_resource type="Resource" id="Resource_gnwbx"]
resource_local_to_scene = true
resource_name = "MMIOctreeNode"
script = ExtResource("11_5le38")
member_placeforms = []
child_nodes = []
max_members = 75
min_leaf_extent = 1.0
octant = 4
is_leaf = true
center_pos = Vector3(31, -21, -127)
extent = 64.0
bounds = AABB(-33, -85, -191, 128, 128, 128)
max_bounds_to_center_dist = 110.851
min_bounds_to_center_dist = 64.0
active_LOD_index = 0
metadata/class = "MMIOctreeNode"

[sub_resource type="Resource" id="Resource_fysb2"]
resource_local_to_scene = true
resource_name = "MMIOctreeNode"
script = ExtResource("11_5le38")
member_placeforms = []
child_nodes = []
max_members = 75
min_leaf_extent = 1.0
octant = 0
is_leaf = true
center_pos = Vector3(-1, -53, -31)
extent = 32.0
bounds = AABB(-33, -85, -63, 64, 64, 64)
max_bounds_to_center_dist = 55.4256
min_bounds_to_center_dist = 32.0
active_LOD_index = 0
metadata/class = "MMIOctreeNode"

[sub_resource type="Resource" id="Resource_syw3t"]
resource_local_to_scene = true
resource_name = "MMIOctreeNode"
script = ExtResource("11_5le38")
member_placeforms = []
child_nodes = []
max_members = 75
min_leaf_extent = 1.0
octant = 1
is_leaf = true
center_pos = Vector3(-1, -53, 33)
extent = 32.0
bounds = AABB(-33, -85, 1, 64, 64, 64)
max_bounds_to_center_dist = 55.4256
min_bounds_to_center_dist = 32.0
active_LOD_index = 0
metadata/class = "MMIOctreeNode"

[sub_resource type="Resource" id="Resource_bia7m"]
resource_local_to_scene = true
resource_name = "MMIOctreeNode"
script = ExtResource("11_5le38")
member_placeforms = [[Vector3(27.4796, 0.05, -0.19947), Vector3(0, 1, 0), Transform3D(-0.9832, 0, -0.182531, 0, 1, 0, 0.182531, 0, -0.9832, 27.4796, 0.05, -0.19947), 5], [Vector3(25.5157, 0.05, -3.92431), Vector3(0, 1, 0), Transform3D(-0.319437, 0, -0.947608, 0, 1, 0, 0.947608, 0, -0.319437, 25.5157, 0.05, -3.92431), 5], [Vector3(25.8438, 0.05, -5.34606), Vector3(0, 1, 0), Transform3D(0.869055, 0, -0.494715, 0, 1, 0, 0.494715, 0, 0.869055, 25.8438, 0.05, -5.34606), 5], [Vector3(21.9845, 0.0500002, -6.45909), Vector3(0, 1, 0), Transform3D(0.609223, 0, -0.792999, 0, 1, 0, 0.792999, 0, 0.609223, 21.9845, 0.0500002, -6.45909), 5], [Vector3(20.65, 0.05, -8.61054), Vector3(0, 1, 0), Transform3D(0.108413, 0, 0.994106, 0, 1, 0, -0.994106, 0, 0.108413, 20.65, 0.05, -8.61054), 5], [Vector3(18.4987, 0.05, -12.8518), Vector3(0, 1, 0), Transform3D(-0.994456, 0, 0.10515, 0, 1, 0, -0.10515, 0, -0.994456, 18.4987, 0.05, -12.8518), 5], [Vector3(16.7597, 0.0500002, -16.7366), Vector3(0, 1, 0), Transform3D(0.951848, 0, -0.306571, 0, 1, 0, 0.306571, 0, 0.951848, 16.7597, 0.0500002, -16.7366), 5], [Vector3(12.7549, 0.05, -18.588), Vector3(0, 1, 0), Transform3D(0.865523, 0, -0.50087, 0, 1, 0, 0.50087, 0, 0.865523, 12.7549, 0.05, -18.588), 5], [Vector3(12.8067, 0.0499997, -22.3446), Vector3(0, 1, 0), Transform3D(0.13641, 0, 0.990652, 0, 1, 0, -0.990652, 0, 0.13641, 12.8067, 0.0499997, -22.3446), 5], [Vector3(11.919, 0.05, -20.9715), Vector3(0, 1, 0), Transform3D(-0.491509, 0, -0.870873, 0, 1, 0, 0.870873, 0, -0.491509, 11.919, 0.05, -20.9715), 5], [Vector3(7.84406, 0.05, -21.6353), Vector3(0, 1, 0), Transform3D(0.483053, 0, 0.875591, 0, 1, 0, -0.875591, 0, 0.483053, 7.84406, 0.05, -21.6353), 5], [Vector3(5.26532, 0.05, -26.2631), Vector3(0, 1, 0), Transform3D(0.256751, 0, -0.966478, 0, 1, 0, 0.966478, 0, 0.256751, 5.26532, 0.05, -26.2631), 5], [Vector3(4.23202, 0.05, -22.7724), Vector3(0, 1, 0), Transform3D(-0.996915, 0, -0.0784833, 0, 1, 0, 0.0784833, 0, -0.996915, 4.23202, 0.05, -22.7724), 5], [Vector3(3.26431, 0.0499997, -25.0043), Vector3(0, 1, 0), Transform3D(0.558654, 0, 0.829401, 0, 1, 0, -0.829401, 0, 0.558654, 3.26431, 0.0499997, -25.0043), 5], [Vector3(0.742346, 0.05, -24.3651), Vector3(0, 1, 0), Transform3D(-0.291749, 0, 0.956495, 0, 1, 0, -0.956495, 0, -0.291749, 0.742346, 0.05, -24.3651), 5], [Vector3(-1.10929, 0.0499997, -23.4709), Vector3(0, 1, 0), Transform3D(0.588767, 0, -0.808303, 0, 1, 0, 0.808303, 0, 0.588767, -1.10929, 0.0499997, -23.4709), 1], [Vector3(-3.91138, 0.05, -25.8622), Vector3(0, 1, 0), Transform3D(0.666557, 0, -0.745454, 0, 1, 0, 0.745454, 0, 0.666557, -3.91138, 0.05, -25.8622), 1], [Vector3(-7.63611, 0.05, -21.8726), Vector3(0, 1, 0), Transform3D(-0.974557, 0, 0.224139, 0, 1, 0, -0.224139, 0, -0.974557, -7.63611, 0.05, -21.8726), 1], [Vector3(-12.8467, 0.05, -24.3492), Vector3(0, 1, 0), Transform3D(-0.896443, 0, -0.443159, 0, 1, 0, 0.443159, 0, -0.896443, -12.8467, 0.05, -24.3492), 1], [Vector3(-11.2133, 0.05, -22.4235), Vector3(0, 1, 0), Transform3D(0.819932, 0, -0.572461, 0, 1, 0, 0.572461, 0, 0.819932, -11.2133, 0.05, -22.4235), 1], [Vector3(-13.0138, 0.05, -18.972), Vector3(0, 1, 0), Transform3D(-0.590428, 0, 0.80709, 0, 1, 0, -0.80709, 0, -0.590428, -13.0138, 0.05, -18.972), 1], [Vector3(-16.8232, 0.05, -21.0275), Vector3(0, 1, 0), Transform3D(-0.905657, 0, -0.424012, 0, 1, 0, 0.424012, 0, -0.905657, -16.8232, 0.05, -21.0275), 1], [Vector3(-20.8436, 0.05, -20.7363), Vector3(0, 1, 0), Transform3D(0.64926, 0, -0.760567, 0, 1, 0, 0.760567, 0, 0.64926, -20.8436, 0.05, -20.7363), 1], [Vector3(-20.7089, 0.05, -15.6084), Vector3(0, 1, 0), Transform3D(-0.0361057, 0, 0.999348, 0, 1, 0, -0.999348, 0, -0.0361057, -20.7089, 0.05, -15.6084), 1], [Vector3(-21.1116, 0.05, -13.9709), Vector3(0, 1, 0), Transform3D(-0.520617, 0, -0.853791, 0, 1, 0, 0.853791, 0, -0.520617, -21.1116, 0.05, -13.9709), 1], [Vector3(-21.6757, 0.05, -13.9948), Vector3(0, 1, 0), Transform3D(-0.156896, 0, -0.987615, 0, 1, 0, 0.987615, 0, -0.156896, -21.6757, 0.05, -13.9948), 1], [Vector3(-23.848, 0.05, -16.3829), Vector3(0, 1, 0), Transform3D(0.0246573, 0, -0.999696, 0, 1, 0, 0.999696, 0, 0.0246573, -23.848, 0.05, -16.3829), 1], [Vector3(-23.1268, 0.05, -12.4135), Vector3(0, 1, 0), Transform3D(-0.908806, 0, -0.417218, 0, 1, 0, 0.417218, 0, -0.908806, -23.1268, 0.05, -12.4135), 1], [Vector3(-24.2518, 0.05, -10.3719), Vector3(0, 1, 0), Transform3D(-0.913254, 0, -0.407391, 0, 1, 0, 0.407391, 0, -0.913254, -24.2518, 0.05, -10.3719), 1], [Vector3(-28.2558, 0.05, -12.6671), Vector3(0, 1, 0), Transform3D(-0.781196, 0, -0.624286, 0, 1, 0, 0.624286, 0, -0.781196, -28.2558, 0.05, -12.6671), 1], [Vector3(-28.1975, 0.05, -8.73734), Vector3(0, 1, 0), Transform3D(0.0572334, 0, -0.998361, 0, 1, 0, 0.998361, 0, 0.0572334, -28.1975, 0.05, -8.73734), 1], [Vector3(-30.2264, 0.05, -5.07081), Vector3(0, 1, 0), Transform3D(-0.999999, 0, -0.00173284, 0, 1, 0, 0.00173284, 0, -0.999999, -30.2264, 0.05, -5.07081), 1], [Vector3(-30.215, 0.05, -4.79021), Vector3(0, 1, 0), Transform3D(-0.689898, 0, -0.723907, 0, 1, 0, 0.723907, 0, -0.689898, -30.215, 0.05, -4.79021), 1], [Vector3(-32.5716, 0.0500001, 0.155054), Vector3(0, 1, 0), Transform3D(0.732293, 0, 0.68099, 0, 1, 0, -0.68099, 0, 0.732293, -32.5716, 0.0500001, 0.155054), 1], [Vector3(18.2546, 0.05, -23.042), Vector3(0, 1, 0), Transform3D(0.922046, 0, -0.41291, 0, 1.01028, 0, 0.41291, 0, 0.922046, 18.2546, 0.05, -23.042), 5], [Vector3(19.6301, 0.05, -20.1327), Vector3(0, 1, 0), Transform3D(0.663318, 0, -0.592002, 0, 0.889077, 0, 0.592002, 0, 0.663318, 19.6301, 0.05, -20.1327), 5], [Vector3(19.4524, 0.05, -19.7785), Vector3(0, 1, 0), Transform3D(0.757716, 0, 0.930147, 0, 1.19971, 0, -0.930147, 0, 0.757716, 19.4524, 0.05, -19.7785), 5], [Vector3(21.5483, 0.05, -16.7182), Vector3(0, 1, 0), Transform3D(0.676223, 0, 0.701208, 0, 0.974151, 0, -0.701208, 0, 0.676223, 21.5483, 0.05, -16.7182), 5], [Vector3(23.5944, 0.05, -16.5126), Vector3(0, 1, 0), Transform3D(-0.40426, 0, -0.702199, 0, 0.810252, 0, 0.702199, 0, -0.40426, 23.5944, 0.05, -16.5126), 5], [Vector3(20.2587, 0.05, -14.4647), Vector3(0, 1, 0), Transform3D(-0.25572, 0, -1.14534, 0, 1.17354, 0, 1.14534, 0, -0.25572, 20.2587, 0.05, -14.4647), 5], [Vector3(21.3332, 0.0499997, -12.2809), Vector3(0, 1, 0), Transform3D(-0.836955, 0, -0.255607, 0, 0.875116, 0, 0.255607, 0, -0.836955, 21.3332, 0.0499997, -12.2809), 5], [Vector3(23.8444, 0.05, -12.594), Vector3(0, 1, 0), Transform3D(0.84401, 0, 0.164905, 0, 0.859969, 0, -0.164905, 0, 0.84401, 23.8444, 0.05, -12.594), 5], [Vector3(25.177, 0.0500001, -12.0309), Vector3(0, 1, 0), Transform3D(0.589681, 0, 0.926605, 0, 1.09833, 0, -0.926605, 0, 0.589681, 25.177, 0.0500001, -12.0309), 5], [Vector3(24.2254, 0.05, -7.41301), Vector3(0, 1, 0), Transform3D(-0.937323, 0, 0.432441, 0, 1.03227, 0, -0.432441, 0, -0.937323, 24.2254, 0.05, -7.41301), 5], [Vector3(26.1699, 0.05, -10.4028), Vector3(0, 1, 0), Transform3D(0.652304, 0, -0.949251, 0, 1.15177, 0, 0.949251, 0, 0.652304, 26.1699, 0.05, -10.4028), 5], [Vector3(27.4669, 0.05, -3.68975), Vector3(0, 1, 0), Transform3D(0.280527, 0, -1.06084, 0, 1.0973, 0, 1.06084, 0, 0.280527, 27.4669, 0.05, -3.68975), 5], [Vector3(30.7424, 0.05, -1.43211), Vector3(0, 1, 0), Transform3D(0.102837, 0, 0.918515, 0, 0.924254, 0, -0.918515, 0, 0.102837, 30.7424, 0.05, -1.43211), 5], [Vector3(-32.4451, 0.05, -8.36841), Vector3(0, 1, 0), Transform3D(0.576311, 0, 0.708149, 0, 0.913022, 0, -0.708149, 0, 0.576311, -32.4451, 0.05, -8.36841), 1], [Vector3(-31.4249, 0.05, -13.4436), Vector3(0, 1, 0), Transform3D(0.0320227, 0, -0.803363, 0, 0.804001, 0, 0.803363, 0, 0.0320227, -31.4249, 0.05, -13.4436), 1], [Vector3(-26.3306, 0.0499998, -13.1624), Vector3(0, 1, 0), Transform3D(0.702588, 0, -0.941066, 0, 1.17441, 0, 0.941066, 0, 0.702588, -26.3306, 0.0499998, -13.1624), 1], [Vector3(-26.3842, 0.05, -13.4688), Vector3(0, 1, 0), Transform3D(-0.2958, 0, -0.896822, 0, 0.944345, 0, 0.896822, 0, -0.2958, -26.3842, 0.05, -13.4688), 1], [Vector3(-24.0468, 0.05, -17.2456), Vector3(0, 1, 0), Transform3D(0.961487, 0, -0.655754, 0, 1.16382, 0, 0.655754, 0, 0.961487, -24.0468, 0.05, -17.2456), 1], [Vector3(-29.0125, 0.05, -16.8196), Vector3(0, 1, 0), Transform3D(-0.838278, 0, 0.0575195, 0, 0.840249, 0, -0.0575195, 0, -0.838278, -29.0125, 0.05, -16.8196), 1], [Vector3(-32.4957, 0.0500002, -10.6752), Vector3(0, 1, 0), Transform3D(-0.556009, 0, 1.00163, 0, 1.1456, 0, -1.00163, 0, -0.556009, -32.4957, 0.0500002, -10.6752), 1], [Vector3(-26.0905, 0.05, -18.3415), Vector3(0, 1, 0), Transform3D(0.697814, 0, 0.584502, 0, 0.910267, 0, -0.584502, 0, 0.697814, -26.0905, 0.05, -18.3415), 1], [Vector3(-23.9986, 0.0500001, -22.5384), Vector3(0, 1, 0), Transform3D(0.549366, 0, -0.757278, 0, 0.93556, 0, 0.757278, 0, 0.549366, -23.9986, 0.0500001, -22.5384), 1], [Vector3(13.6959, 0.05, -20.7666), Vector3(0, 1, 0), Transform3D(-0.223278, 0, 1.14999, 0, 1.17146, 0, -1.14999, 0, -0.223278, 13.6959, 0.05, -20.7666), 5], [Vector3(15.217, 0.0499997, -18.2244), Vector3(0, 1, 0), Transform3D(0.759858, 0, 0.83505, 0, 1.12902, 0, -0.83505, 0, 0.759858, 15.217, 0.0499997, -18.2244), 5], [Vector3(-29.5662, 0.05, -0.417768), Vector3(0, 1, 0), Transform3D(-0.850098, 0, 0.0303803, 0, 0.850641, 0, -0.0303803, 0, -0.850098, -29.5662, 0.05, -0.417768), 1], [Vector3(-18.6814, 0.0499997, -17.293), Vector3(0, 1, 0), Transform3D(-0.332804, 0, 1.1276, 0, 1.17568, 0, -1.1276, 0, -0.332804, -18.6814, 0.0499997, -17.293), 1], [Vector3(-4.45234, 0.0500002, -21.9849), Vector3(0, 1, 0), Transform3D(0.202423, 0, 1.04343, 0, 1.06288, 0, -1.04343, 0, 0.202423, -4.45234, 0.0500002, -21.9849), 1], [Vector3(-16.4902, 0.05, -19.5876), Vector3(0, 1, 0), Transform3D(0.833645, 0, -0.676681, 0, 1.07371, 0, 0.676681, 0, 0.833645, -16.4902, 0.05, -19.5876), 1], [Vector3(8.86739, 0.0499997, -18.2991), Vector3(0, 1, 0), Transform3D(-0.805249, 0, -0.0610372, 0, 0.807559, 0, 0.0610372, 0, -0.805249, 8.86739, 0.0499997, -18.2991), 5], [Vector3(6.27373, 0.0499997, -19.7545), Vector3(0, 1, 0), Transform3D(0.0321328, 0, -0.805527, 0, 0.806167, 0, 0.805527, 0, 0.0321328, 6.27373, 0.0499997, -19.7545), 5], [Vector3(2.84364, 0.0499997, -18.609), Vector3(0, 1, 0), Transform3D(-0.619633, 0, 0.92712, 0, 1.11512, 0, -0.92712, 0, -0.619633, 2.84364, 0.0499997, -18.609), 5], [Vector3(0.650675, 0.0499997, -19.7498), Vector3(0, 1, 0), Transform3D(0.540321, 0, 0.598963, 0, 0.806662, 0, -0.598963, 0, 0.540321, 0.650675, 0.0499997, -19.7498), 5], [Vector3(-1.8702, 0.05, -20.8242), Vector3(0, 1, 0), Transform3D(0.622763, 0, -0.528109, 0, 0.816537, 0, 0.528109, 0, 0.622763, -1.8702, 0.05, -20.8242), 1], [Vector3(-8.35745, 0.0500002, -18.8906), Vector3(0, 1, 0), Transform3D(0.879933, 0, -0.344748, 0, 0.945058, 0, 0.344748, 0, 0.879933, -8.35745, 0.0500002, -18.8906), 1], [Vector3(-13.7365, 0.05, -16.6032), Vector3(0, 1, 0), Transform3D(0.166552, 0, 0.783244, 0, 0.800756, 0, -0.783244, 0, 0.166552, -13.7365, 0.05, -16.6032), 1], [Vector3(-16.6776, 0.0500002, -16.7756), Vector3(0, 1, 0), Transform3D(-0.888565, 0, -0.621212, 0, 1.08418, 0, 0.621212, 0, -0.888565, -16.6776, 0.0500002, -16.7756), 1], [Vector3(-17.9325, 0.05, -15.3751), Vector3(0, 1, 0), Transform3D(0.0346218, 0, 0.80736, 0, 0.808102, 0, -0.80736, 0, 0.0346218, -17.9325, 0.05, -15.3751), 1], [Vector3(-24.2423, 0.0500002, -6.20465), Vector3(0, 1, 0), Transform3D(-0.020059, 0, 0.9399, 0, 0.940114, 0, -0.9399, 0, -0.020059, -24.2423, 0.0500002, -6.20465), 1], [Vector3(-27.9713, 0.0500002, -4.11657), Vector3(0, 1, 0), Transform3D(-0.104976, 0, 0.917608, 0, 0.923593, 0, -0.917608, 0, -0.104976, -27.9713, 0.0500002, -4.11657), 1]]
child_nodes = []
max_members = 75
min_leaf_extent = 1.0
octant = 2
is_leaf = true
center_pos = Vector3(-1, 11, -31)
extent = 32.0
bounds = AABB(-33, -21, -63, 64, 64, 64)
max_bounds_to_center_dist = 55.4256
min_bounds_to_center_dist = 32.0
active_LOD_index = 0
metadata/class = "MMIOctreeNode"

[sub_resource type="Resource" id="Resource_ueike"]
resource_local_to_scene = true
resource_name = "MMIOctreeNode"
script = ExtResource("11_5le38")
member_placeforms = [[Vector3(-29.8554, 0.05, 14.2714), Vector3(0, 1, 0), Transform3D(0.12518, 0, 0.992134, 0, 1, 0, -0.992134, 0, 0.12518, -29.8554, 0.05, 14.2714), 2], [Vector3(-29.0192, 0.05, 17.6971), Vector3(0, 1, 0), Transform3D(0.893183, 0, -0.449694, 0, 1, 0, 0.449694, 0, 0.893183, -29.0192, 0.05, 17.6971), 3], [Vector3(-29.0678, 0.05, 19.8787), Vector3(0, 1, 0), Transform3D(-0.72901, 0, -0.684503, 0, 1, 0, 0.684503, 0, -0.72901, -29.0678, 0.05, 19.8787), 3], [Vector3(-29.2608, 0.0499997, 24.0231), Vector3(0, 1, 0), Transform3D(-0.990639, 0, 0.13651, 0, 1, 0, -0.13651, 0, -0.990639, -29.2608, 0.0499997, 24.0231), 3], [Vector3(-26.5139, 0.05, 28.7206), Vector3(0, 1, 0), Transform3D(-0.233064, 0, 0.972461, 0, 1, 0, -0.972461, 0, -0.233064, -26.5139, 0.05, 28.7206), 3], [Vector3(-23.0229, 0.05, 29.0535), Vector3(0, 1, 0), Transform3D(0.904843, 0, 0.425745, 0, 1, 0, -0.425745, 0, 0.904843, -23.0229, 0.05, 29.0535), 3], [Vector3(-21.9893, 0.05, 27.5004), Vector3(0, 1, 0), Transform3D(-0.95379, 0, -0.300474, 0, 1, 0, 0.300474, 0, -0.95379, -21.9893, 0.05, 27.5004), 3], [Vector3(-16.9943, 0.05, 30.7819), Vector3(0, 1, 0), Transform3D(0.790984, 0, -0.611837, 0, 1, 0, 0.611837, 0, 0.790984, -16.9943, 0.05, 30.7819), 7], [Vector3(-15.8367, 0.05, 29.6675), Vector3(0, 1, 0), Transform3D(-0.891739, 0, 0.45255, 0, 1, 0, -0.45255, 0, -0.891739, -15.8367, 0.05, 29.6675), 7], [Vector3(-13.2934, 0.05, 28.6862), Vector3(0, 1, 0), Transform3D(-0.825218, 0, 0.564814, 0, 1, 0, -0.564814, 0, -0.825218, -13.2934, 0.05, 28.6862), 7], [Vector3(-10.407, 0.0500001, 30.6576), Vector3(0, 1, 0), Transform3D(0.9194, 0, 0.393324, 0, 1, 0, -0.393324, 0, 0.9194, -10.407, 0.0500001, 30.6576), 7], [Vector3(-6.21034, 0.05, 30.0242), Vector3(0, 1, 0), Transform3D(0.579336, 0, 0.815089, 0, 1, 0, -0.815089, 0, 0.579336, -6.21034, 0.05, 30.0242), 7], [Vector3(-5.59181, 0.05, 32.7123), Vector3(0, 1, 0), Transform3D(0.14648, 0, 0.989214, 0, 1, 0, -0.989214, 0, 0.14648, -5.59181, 0.05, 32.7123), 7], [Vector3(-14.8298, 0.0500001, 32.8186), Vector3(0, 1, 0), Transform3D(1.08014, 0, 0.24055, 0, 1.1066, 0, -0.24055, 0, 1.08014, -14.8298, 0.0500001, 32.8186), 7], [Vector3(-17.2321, 0.05, 30.5345), Vector3(0, 1, 0), Transform3D(0.736893, 0, -0.400481, 0, 0.838687, 0, 0.400481, 0, 0.736893, -17.2321, 0.05, 30.5345), 3], [Vector3(-21.4661, 0.05, 29.4303), Vector3(0, 1, 0), Transform3D(-0.0710552, 0, 1.11138, 0, 1.11365, 0, -1.11138, 0, -0.0710552, -21.4661, 0.05, 29.4303), 3], [Vector3(-22.8994, 0.05, 27.7029), Vector3(0, 1, 0), Transform3D(0.438096, 0, -0.833277, 0, 0.941424, 0, 0.833277, 0, 0.438096, -22.8994, 0.05, 27.7029), 3], [Vector3(-25.0145, 0.0500002, 25.4122), Vector3(0, 1, 0), Transform3D(0.261581, 0, -0.925318, 0, 0.961581, 0, 0.925318, 0, 0.261581, -25.0145, 0.0500002, 25.4122), 3], [Vector3(-31.8702, 0.05, 13.0226), Vector3(0, 1, 0), Transform3D(0.335239, 0, -0.835698, 0, 0.900431, 0, 0.835698, 0, 0.335239, -31.8702, 0.05, 13.0226), 2], [Vector3(-31.4439, 0.05, 21.8731), Vector3(0, 1, 0), Transform3D(0.844868, 0, 0.26079, 0, 0.884202, 0, -0.26079, 0, 0.844868, -31.4439, 0.05, 21.8731), 3], [Vector3(-30.3304, 0.05, 29.007), Vector3(0, 1, 0), Transform3D(-0.984592, 0, 0.502111, 0, 1.10523, 0, -0.502111, 0, -0.984592, -30.3304, 0.05, 29.007), 3], [Vector3(-31.3391, 0.0499998, 16.9738), Vector3(0, 1, 0), Transform3D(1.10792, 0, -0.361026, 0, 1.16526, 0, 0.361026, 0, 1.10792, -31.3391, 0.0499998, 16.9738), 2], [Vector3(-32.3646, 0.05, 18.8813), Vector3(0, 1, 0), Transform3D(-0.334996, 0, 1.0291, 0, 1.08225, 0, -1.0291, 0, -0.334996, -32.3646, 0.05, 18.8813), 3], [Vector3(-1.11916, 0.05, 31.9925), Vector3(0, 1, 0), Transform3D(-0.965212, 0, -0.234249, 0, 0.993231, 0, 0.234249, 0, -0.965212, -1.11916, 0.05, 31.9925), 7], [Vector3(-25.3461, 0.05, 22.9394), Vector3(0, 1, 0), Transform3D(-0.877573, 0, -0.330715, 0, 0.93782, 0, 0.330715, 0, -0.877573, -25.3461, 0.05, 22.9394), 3], [Vector3(-30.8193, 0.0500002, 10.4594), Vector3(0, 1, 0), Transform3D(0.458335, 0, 0.80463, 0, 0.926013, 0, -0.80463, 0, 0.458335, -30.8193, 0.0500002, 10.4594), 2], [Vector3(-31.4977, 0.05, 4.60183), Vector3(0, 1, 0), Transform3D(0.404583, 0, -1.1195, 0, 1.19037, 0, 1.1195, 0, 0.404583, -31.4977, 0.05, 4.60183), 2], [Vector3(-18.5506, 0.05, 27.2643), Vector3(0, 1, 0), Transform3D(-0.877231, 0, -0.413019, 0, 0.969597, 0, 0.413019, 0, -0.877231, -18.5506, 0.05, 27.2643), 3]]
child_nodes = []
max_members = 75
min_leaf_extent = 1.0
octant = 0
is_leaf = true
center_pos = Vector3(-17, -5, 17)
extent = 16.0
bounds = AABB(-33, -21, 1, 32, 32, 32)
max_bounds_to_center_dist = 27.7128
min_bounds_to_center_dist = 16.0
active_LOD_index = 0
metadata/class = "MMIOctreeNode"

[sub_resource type="Resource" id="Resource_qh64b"]
resource_local_to_scene = true
resource_name = "MMIOctreeNode"
script = ExtResource("11_5le38")
member_placeforms = [[Vector3(-5.74051, 0.05, 34.0787), Vector3(0, 1, 0), Transform3D(0.912171, 0, 0.409809, 0, 1, 0, -0.409809, 0, 0.912171, -5.74051, 0.05, 34.0787), 6], [Vector3(-2.50202, 0.05, 36.9616), Vector3(0, 1, 0), Transform3D(0.744886, 0, 0.347639, 0, 0.822014, 0, -0.347639, 0, 0.744886, -2.50202, 0.05, 36.9616), 6], [Vector3(-7.50168, 0.0499997, 38.303), Vector3(0, 1, 0), Transform3D(0.209021, 0, 0.975882, 0, 0.998015, 0, -0.975882, 0, 0.209021, -7.50168, 0.0499997, 38.303), 6], [Vector3(-10.0459, 0.05, 38.5638), Vector3(0, 1, 0), Transform3D(-0.572634, 0, -0.776735, 0, 0.965001, 0, 0.776735, 0, -0.572634, -10.0459, 0.05, 38.5638), 6], [Vector3(-11.2523, 0.0499997, 35.6599), Vector3(0, 1, 0), Transform3D(-0.475821, 0, -0.696191, 0, 0.843261, 0, 0.696191, 0, -0.475821, -11.2523, 0.0499997, 35.6599), 6], [Vector3(-18.6787, 0.0500001, 33.908), Vector3(0, 1, 0), Transform3D(-0.0541112, 0, 0.828815, 0, 0.83058, 0, -0.828815, 0, -0.0541112, -18.6787, 0.0500001, 33.908), 2]]
child_nodes = []
max_members = 75
min_leaf_extent = 1.0
octant = 1
is_leaf = true
center_pos = Vector3(-17, -5, 49)
extent = 16.0
bounds = AABB(-33, -21, 33, 32, 32, 32)
max_bounds_to_center_dist = 27.7128
min_bounds_to_center_dist = 16.0
active_LOD_index = 0
metadata/class = "MMIOctreeNode"

[sub_resource type="Resource" id="Resource_mmv7t"]
resource_local_to_scene = true
resource_name = "MMIOctreeNode"
script = ExtResource("11_5le38")
member_placeforms = []
child_nodes = []
max_members = 75
min_leaf_extent = 1.0
octant = 2
is_leaf = true
center_pos = Vector3(-17, 27, 17)
extent = 16.0
bounds = AABB(-33, 11, 1, 32, 32, 32)
max_bounds_to_center_dist = 27.7128
min_bounds_to_center_dist = 16.0
active_LOD_index = 0
metadata/class = "MMIOctreeNode"

[sub_resource type="Resource" id="Resource_l8kc4"]
resource_local_to_scene = true
resource_name = "MMIOctreeNode"
script = ExtResource("11_5le38")
member_placeforms = []
child_nodes = []
max_members = 75
min_leaf_extent = 1.0
octant = 3
is_leaf = true
center_pos = Vector3(-17, 27, 49)
extent = 16.0
bounds = AABB(-33, 11, 33, 32, 32, 32)
max_bounds_to_center_dist = 27.7128
min_bounds_to_center_dist = 16.0
active_LOD_index = 0
metadata/class = "MMIOctreeNode"

[sub_resource type="Resource" id="Resource_scvru"]
resource_local_to_scene = true
resource_name = "MMIOctreeNode"
script = ExtResource("11_5le38")
member_placeforms = [[Vector3(0.613582, 0.0500002, 31.5623), Vector3(0, 1, 0), Transform3D(0.858412, 0, 0.51296, 0, 1, 0, -0.51296, 0, 0.858412, 0.613582, 0.0500002, 31.5623), 3], [Vector3(9.90613, 0.05, 32.6149), Vector3(0, 1, 0), Transform3D(-0.980553, 0, -0.196253, 0, 1, 0, 0.196253, 0, -0.980553, 9.90613, 0.05, 32.6149), 3], [Vector3(13.6775, 0.05, 32.8712), Vector3(0, 1, 0), Transform3D(-0.933346, 0, 0.358979, 0, 1, 0, -0.358979, 0, -0.933346, 13.6775, 0.05, 32.8712), 3], [Vector3(14.5993, 0.05, 32.7967), Vector3(0, 1, 0), Transform3D(-0.597967, 0, -0.80152, 0, 1, 0, 0.80152, 0, -0.597967, 14.5993, 0.05, 32.7967), 3], [Vector3(16.4957, 0.05, 28.9654), Vector3(0, 1, 0), Transform3D(-0.614164, 0, 0.789179, 0, 1, 0, -0.789179, 0, -0.614164, 16.4957, 0.05, 28.9654), 7], [Vector3(18.8816, 0.0499997, 29.0889), Vector3(0, 1, 0), Transform3D(-0.849528, 0, 0.527544, 0, 1, 0, -0.527544, 0, -0.849528, 18.8816, 0.0499997, 29.0889), 7], [Vector3(23.5126, 0.05, 27.9361), Vector3(0, 1, 0), Transform3D(-0.970373, 0, 0.241612, 0, 1, 0, -0.241612, 0, -0.970373, 23.5126, 0.05, 27.9361), 7], [Vector3(24.4581, 0.05, 23.7648), Vector3(0, 1, 0), Transform3D(-0.34552, 0, 0.938411, 0, 1, 0, -0.938411, 0, -0.34552, 24.4581, 0.05, 23.7648), 7], [Vector3(25.5402, 0.05, 22.8614), Vector3(0, 1, 0), Transform3D(-0.23903, 0, 0.971012, 0, 1, 0, -0.971012, 0, -0.23903, 25.5402, 0.05, 22.8614), 7], [Vector3(23.7728, 0.0500002, 18.6027), Vector3(0, 1, 0), Transform3D(0.70721, 0, -0.707004, 0, 1, 0, 0.707004, 0, 0.70721, 23.7728, 0.0500002, 18.6027), 7], [Vector3(23.8905, 0.05, 14.1834), Vector3(0, 1, 0), Transform3D(0.564689, 0, -0.825304, 0, 1, 0, 0.825304, 0, 0.564689, 23.8905, 0.05, 14.1834), 6], [Vector3(25.5313, 0.0500002, 13.7665), Vector3(0, 1, 0), Transform3D(0.388054, 0, -0.921637, 0, 1, 0, 0.921637, 0, 0.388054, 25.5313, 0.0500002, 13.7665), 6], [Vector3(28.8565, 0.05, 11.532), Vector3(0, 1, 0), Transform3D(-0.458356, 0, -0.888769, 0, 1, 0, 0.888769, 0, -0.458356, 28.8565, 0.05, 11.532), 6], [Vector3(27.539, 0.0499997, 9.82301), Vector3(0, 1, 0), Transform3D(-0.971496, 0, 0.237056, 0, 1, 0, -0.237056, 0, -0.971496, 27.539, 0.0499997, 9.82301), 6], [Vector3(27.6492, 0.05, 4.62365), Vector3(0, 1, 0), Transform3D(0.525685, 0, 0.850679, 0, 1, 0, -0.850679, 0, 0.525685, 27.6492, 0.05, 4.62365), 6], [Vector3(19.7919, 0.05, 19.2317), Vector3(0, 1, 0), Transform3D(0.559357, 0, 1.01434, 0, 1.15835, 0, -1.01434, 0, 0.559357, 19.7919, 0.05, 19.2317), 7], [Vector3(27.7914, 0.05, 2.2458), Vector3(0, 1, 0), Transform3D(-1.06742, 0, 0.104645, 0, 1.07254, 0, -0.104645, 0, -1.06742, 27.7914, 0.05, 2.2458), 6], [Vector3(30.8755, 0.05, 2.73502), Vector3(0, 1, 0), Transform3D(0.377249, 0, 0.744682, 0, 0.834786, 0, -0.744682, 0, 0.377249, 30.8755, 0.05, 2.73502), 6], [Vector3(28.5596, 0.0499998, 6.78688), Vector3(0, 1, 0), Transform3D(0.437157, 0, 0.947498, 0, 1.04348, 0, -0.947498, 0, 0.437157, 28.5596, 0.0499998, 6.78688), 6], [Vector3(27.0411, 0.05, 12.612), Vector3(0, 1, 0), Transform3D(0.434771, 0, -0.975765, 0, 1.06824, 0, 0.975765, 0, 0.434771, 27.0411, 0.05, 12.612), 6], [Vector3(30.6548, 0.05, 16.5811), Vector3(0, 1, 0), Transform3D(0.414241, 0, -0.761693, 0, 0.867048, 0, 0.761693, 0, 0.414241, 30.6548, 0.05, 16.5811), 6], [Vector3(27.4833, 0.0499997, 17.8869), Vector3(0, 1, 0), Transform3D(0.810551, 0, -0.375153, 0, 0.893159, 0, 0.375153, 0, 0.810551, 27.4833, 0.0499997, 17.8869), 7], [Vector3(27.9789, 0.0499997, 19.6418), Vector3(0, 1, 0), Transform3D(-0.424372, 0, 0.809166, 0, 0.913696, 0, -0.809166, 0, -0.424372, 27.9789, 0.0499997, 19.6418), 7], [Vector3(28.0941, 0.05, 27.8188), Vector3(0, 1, 0), Transform3D(1.02111, 0, 0.0378374, 0, 1.02181, 0, -0.0378374, 0, 1.02111, 28.0941, 0.05, 27.8188), 7], [Vector3(27.9509, 0.05, 24.7842), Vector3(0, 1, 0), Transform3D(0.577358, 0, 1.01485, 0, 1.16759, 0, -1.01485, 0, 0.577358, 27.9509, 0.05, 24.7842), 7], [Vector3(24.4636, 0.05, 31.9974), Vector3(0, 1, 0), Transform3D(0.818051, 0, 0.0594863, 0, 0.820211, 0, -0.0594863, 0, 0.818051, 24.4636, 0.05, 31.9974), 7], [Vector3(19.7837, 0.05, 32.0267), Vector3(0, 1, 0), Transform3D(-0.820218, 0, 0.23219, 0, 0.85245, 0, -0.23219, 0, -0.820218, 19.7837, 0.05, 32.0267), 7], [Vector3(22.4393, 0.0499997, 21.5355), Vector3(0, 1, 0), Transform3D(0.587147, 0, -0.841437, 0, 1.02604, 0, 0.841437, 0, 0.587147, 22.4393, 0.0499997, 21.5355), 7], [Vector3(20.6888, 0.0499997, 23.3823), Vector3(0, 1, 0), Transform3D(0.836263, 0, -0.439668, 0, 0.944798, 0, 0.439668, 0, 0.836263, 20.6888, 0.0499997, 23.3823), 7], [Vector3(18.8912, 0.05, 25.7457), Vector3(0, 1, 0), Transform3D(0.121316, 0, 1.08167, 0, 1.08845, 0, -1.08167, 0, 0.121316, 18.8912, 0.05, 25.7457), 7], [Vector3(7.20626, 0.05, 32.7611), Vector3(0, 1, 0), Transform3D(-0.37502, 0, 1.04573, 0, 1.11094, 0, -1.04573, 0, -0.37502, 7.20626, 0.05, 32.7611), 3], [Vector3(2.31529, 0.05, 30.7897), Vector3(0, 1, 0), Transform3D(-0.811467, 0, 0.654567, 0, 1.04256, 0, -0.654567, 0, -0.811467, 2.31529, 0.05, 30.7897), 3], [Vector3(6.04231, 0.0500002, 30.0819), Vector3(0, 1, 0), Transform3D(1.10843, 0, 0.0168486, 0, 1.10855, 0, -0.0168486, 0, 1.10843, 6.04231, 0.0500002, 30.0819), 3], [Vector3(11.4886, 0.0499997, 30.4857), Vector3(0, 1, 0), Transform3D(0.216385, 0, -1.04143, 0, 1.06367, 0, 1.04143, 0, 0.216385, 11.4886, 0.0499997, 30.4857), 3], [Vector3(14.5336, 0.05, 28.602), Vector3(0, 1, 0), Transform3D(1.00413, 0, 0.488982, 0, 1.11686, 0, -0.488982, 0, 1.00413, 14.5336, 0.05, 28.602), 3], [Vector3(15.5503, 0.05, 26.1547), Vector3(0, 1, 0), Transform3D(0.257024, 0, 1.07897, 0, 1.10916, 0, -1.07897, 0, 0.257024, 15.5503, 0.05, 26.1547), 7], [Vector3(16.8311, 0.05, 23.9363), Vector3(0, 1, 0), Transform3D(0.63359, 0, 0.710693, 0, 0.952113, 0, -0.710693, 0, 0.63359, 16.8311, 0.05, 23.9363), 7], [Vector3(16.3161, 0.0500002, 22.7101), Vector3(0, 1, 0), Transform3D(-0.174442, 0, 1.00248, 0, 1.01755, 0, -1.00248, 0, -0.174442, 16.3161, 0.0500002, 22.7101), 7], [Vector3(20.2207, 0.05, 15.7383), Vector3(0, 1, 0), Transform3D(0.863204, 0, 0.125209, 0, 0.872237, 0, -0.125209, 0, 0.863204, 20.2207, 0.05, 15.7383), 6], [Vector3(24.4471, 0.05, 11.3191), Vector3(0, 1, 0), Transform3D(-0.744303, 0, -0.482348, 0, 0.886931, 0, 0.482348, 0, -0.744303, 24.4471, 0.05, 11.3191), 6], [Vector3(23.864, 0.0500002, 7.67612), Vector3(0, 1, 0), Transform3D(0.00169091, 0, 0.835931, 0, 0.835933, 0, -0.835931, 0, 0.00169091, 23.864, 0.0500002, 7.67612), 6]]
child_nodes = []
max_members = 75
min_leaf_extent = 1.0
octant = 4
is_leaf = true
center_pos = Vector3(15, -5, 17)
extent = 16.0
bounds = AABB(-1, -21, 1, 32, 32, 32)
max_bounds_to_center_dist = 27.7128
min_bounds_to_center_dist = 16.0
active_LOD_index = 0
metadata/class = "MMIOctreeNode"

[sub_resource type="Resource" id="Resource_di5ov"]
resource_local_to_scene = true
resource_name = "MMIOctreeNode"
script = ExtResource("11_5le38")
member_placeforms = [[Vector3(4.78518, 0.05, 33.6378), Vector3(0, 1, 0), Transform3D(0.503248, 0, -0.864142, 0, 1, 0, 0.864142, 0, 0.503248, 4.78518, 0.05, 33.6378), 2], [Vector3(8.32523, 0.05, 37.0964), Vector3(0, 1, 0), Transform3D(0.614466, 0, -0.788944, 0, 1, 0, 0.788944, 0, 0.614466, 8.32523, 0.05, 37.0964), 2], [Vector3(11.7762, 0.0499998, 37.0325), Vector3(0, 1, 0), Transform3D(-0.860229, 0, 0.509908, 0, 1, 0, -0.509908, 0, -0.860229, 11.7762, 0.0499998, 37.0325), 2], [Vector3(10.7267, 0.05, 34.9121), Vector3(0, 1, 0), Transform3D(-0.984767, 0, 0.173877, 0, 1, 0, -0.173877, 0, -0.984767, 10.7267, 0.05, 34.9121), 2], [Vector3(16.3821, 0.05, 33.5431), Vector3(0, 1, 0), Transform3D(0.932521, 0, 0.361115, 0, 1, 0, -0.361115, 0, 0.932521, 16.3821, 0.05, 33.5431), 6], [Vector3(15.4856, 0.05, 34.0486), Vector3(0, 1, 0), Transform3D(-0.43152, 0, -1.07353, 0, 1.15702, 0, 1.07353, 0, -0.43152, 15.4856, 0.05, 34.0486), 6], [Vector3(4.39186, 0.05, 35.8123), Vector3(0, 1, 0), Transform3D(-0.894734, 0, -0.260559, 0, 0.931901, 0, 0.260559, 0, -0.894734, 4.39186, 0.05, 35.8123), 2], [Vector3(1.32087, 0.0500001, 36.9204), Vector3(0, 1, 0), Transform3D(-0.0371655, 0, 0.881534, 0, 0.882317, 0, -0.881534, 0, -0.0371655, 1.32087, 0.0500001, 36.9204), 2]]
child_nodes = []
max_members = 75
min_leaf_extent = 1.0
octant = 5
is_leaf = true
center_pos = Vector3(15, -5, 49)
extent = 16.0
bounds = AABB(-1, -21, 33, 32, 32, 32)
max_bounds_to_center_dist = 27.7128
min_bounds_to_center_dist = 16.0
active_LOD_index = 0
metadata/class = "MMIOctreeNode"

[sub_resource type="Resource" id="Resource_g1arq"]
resource_local_to_scene = true
resource_name = "MMIOctreeNode"
script = ExtResource("11_5le38")
member_placeforms = []
child_nodes = []
max_members = 75
min_leaf_extent = 1.0
octant = 6
is_leaf = true
center_pos = Vector3(15, 27, 17)
extent = 16.0
bounds = AABB(-1, 11, 1, 32, 32, 32)
max_bounds_to_center_dist = 27.7128
min_bounds_to_center_dist = 16.0
active_LOD_index = 0
metadata/class = "MMIOctreeNode"

[sub_resource type="Resource" id="Resource_kjjae"]
resource_local_to_scene = true
resource_name = "MMIOctreeNode"
script = ExtResource("11_5le38")
member_placeforms = []
child_nodes = []
max_members = 75
min_leaf_extent = 1.0
octant = 7
is_leaf = true
center_pos = Vector3(15, 27, 49)
extent = 16.0
bounds = AABB(-1, 11, 33, 32, 32, 32)
max_bounds_to_center_dist = 27.7128
min_bounds_to_center_dist = 16.0
active_LOD_index = 0
metadata/class = "MMIOctreeNode"

[sub_resource type="Resource" id="Resource_77p1e"]
resource_local_to_scene = true
resource_name = "MMIOctreeNode"
script = ExtResource("11_5le38")
member_placeforms = []
child_nodes = [SubResource("Resource_ueike"), SubResource("Resource_qh64b"), SubResource("Resource_mmv7t"), SubResource("Resource_l8kc4"), SubResource("Resource_scvru"), SubResource("Resource_di5ov"), SubResource("Resource_g1arq"), SubResource("Resource_kjjae")]
max_members = 75
min_leaf_extent = 1.0
octant = 3
is_leaf = false
center_pos = Vector3(-1, 11, 33)
extent = 32.0
bounds = AABB(-33, -21, 1, 64, 64, 64)
max_bounds_to_center_dist = 55.4256
min_bounds_to_center_dist = 32.0
active_LOD_index = 0
metadata/class = "MMIOctreeNode"

[sub_resource type="Resource" id="Resource_4ucww"]
resource_local_to_scene = true
resource_name = "MMIOctreeNode"
script = ExtResource("11_5le38")
member_placeforms = []
child_nodes = []
max_members = 75
min_leaf_extent = 1.0
octant = 4
is_leaf = true
center_pos = Vector3(63, -53, -31)
extent = 32.0
bounds = AABB(31, -85, -63, 64, 64, 64)
max_bounds_to_center_dist = 55.4256
min_bounds_to_center_dist = 32.0
active_LOD_index = 0
metadata/class = "MMIOctreeNode"

[sub_resource type="Resource" id="Resource_mmnmq"]
resource_local_to_scene = true
resource_name = "MMIOctreeNode"
script = ExtResource("11_5le38")
member_placeforms = []
child_nodes = []
max_members = 75
min_leaf_extent = 1.0
octant = 5
is_leaf = true
center_pos = Vector3(63, -53, 33)
extent = 32.0
bounds = AABB(31, -85, 1, 64, 64, 64)
max_bounds_to_center_dist = 55.4256
min_bounds_to_center_dist = 32.0
active_LOD_index = 0
metadata/class = "MMIOctreeNode"

[sub_resource type="Resource" id="Resource_3rqfp"]
resource_local_to_scene = true
resource_name = "MMIOctreeNode"
script = ExtResource("11_5le38")
member_placeforms = []
child_nodes = []
max_members = 75
min_leaf_extent = 1.0
octant = 6
is_leaf = true
center_pos = Vector3(63, 11, -31)
extent = 32.0
bounds = AABB(31, -21, -63, 64, 64, 64)
max_bounds_to_center_dist = 55.4256
min_bounds_to_center_dist = 32.0
active_LOD_index = 0
metadata/class = "MMIOctreeNode"

