[gd_scene load_steps=65 format=3 uid="uid://b1yt8ut5c8u8t"]

[ext_resource type="PackedScene" uid="uid://cvkc0lp2nyiom" path="res://scenes/player/Player.tscn" id="1_0i0ww"]
[ext_resource type="Script" path="res://scenes/elements/level_two.gd" id="1_2ny58"]
[ext_resource type="Shader" uid="uid://byo8l8opsy0ej" path="res://scripts/shaders/fractal_texture.gdshader" id="2_giqld"]
[ext_resource type="Texture2D" uid="uid://ca3fvmjrvtxmp" path="res://assets/models/textures/brown_mud_leaves_01_1k/brown_mud_leaves_01_diff_1k.jpg" id="3_t4h6e"]
[ext_resource type="Texture2D" uid="uid://hf7b12l2qyta" path="res://assets/images/photo_2025-04-12_07-44-57 (2).jpg" id="4_7cwsq"]
[ext_resource type="Texture2D" uid="uid://d0xapr22rs2j3" path="res://assets/images/Banner_creditos.webp" id="5_ia7rp"]
[ext_resource type="Texture2D" uid="uid://bajxbgq6y8e1x" path="res://assets/models/textures/grass_002/Grass_002_COLOR.jpg" id="5_wqfkb"]
[ext_resource type="FontFile" uid="uid://le2vdo2626vw" path="res://assets/fonts/Montserrat-Medium.ttf" id="6_ia7rp"]
[ext_resource type="Texture2D" uid="uid://xx3vr21mjf30" path="res://assets/models/textures/grass_002/Grass_002_DISP.png" id="6_t7ktp"]
[ext_resource type="Texture2D" uid="uid://wrgm6p0xaabg" path="res://assets/models/textures/grass_002/Grass_002_NRM.jpg" id="7_3uijt"]
[ext_resource type="Texture2D" uid="uid://cjn3ese43r3o4" path="res://assets/images/Mesa_de_trabajo_4.webp" id="7_kmilf"]
[ext_resource type="PackedScene" uid="uid://xredo03yxmvl" path="res://scenes/elements/road.tscn" id="9_r02h1"]
[ext_resource type="Script" uid="uid://bc7pailucq83t" path="res://addons/dreadpon.spatial_gardener/gardener/gardener.gd" id="10_wqfkb"]
[ext_resource type="Script" uid="uid://dieiojnt518h" path="res://addons/dreadpon.spatial_gardener/arborist/mmi_octree/mmi_octree_node.gd" id="11_t7ktp"]
[ext_resource type="Script" uid="uid://c4s4x5b27vdf6" path="res://addons/dreadpon.spatial_gardener/arborist/mmi_octree/mmi_octree_manager.gd" id="12_3uijt"]
[ext_resource type="Script" uid="uid://d1pavk3gl4atd" path="res://addons/dreadpon.spatial_gardener/arborist/arborist.gd" id="13_4nq7o"]
[ext_resource type="PackedScene" uid="uid://ngd7spergvkf" path="res://scenes/elements/normal_car.tscn" id="14_t4kt8"]
[ext_resource type="PackedScene" uid="uid://bckkn3nygvqwp" path="res://scenes/environments/pared.tscn" id="18_t7ktp"]

[sub_resource type="ShaderMaterial" id="ShaderMaterial_nof3a"]
render_priority = 0
shader = ExtResource("2_giqld")
shader_parameter/uv_scale = 10.0
shader_parameter/ground_texture = ExtResource("3_t4h6e")
shader_parameter/albedo_intensity = 1.0

[sub_resource type="Animation" id="Animation_3f448"]
length = 0.001
tracks/0/type = "value"
tracks/0/imported = false
tracks/0/enabled = true
tracks/0/path = NodePath("Thanks4Playing/ColorRect:color")
tracks/0/interp = 1
tracks/0/loop_wrap = true
tracks/0/keys = {
"times": PackedFloat32Array(0),
"transitions": PackedFloat32Array(1),
"update": 0,
"values": [Color(0, 0, 0, 0)]
}
tracks/1/type = "value"
tracks/1/imported = false
tracks/1/enabled = true
tracks/1/path = NodePath("Thanks4Playing:visible")
tracks/1/interp = 1
tracks/1/loop_wrap = true
tracks/1/keys = {
"times": PackedFloat32Array(0),
"transitions": PackedFloat32Array(1),
"update": 1,
"values": [false]
}

[sub_resource type="Animation" id="Animation_2ny58"]
resource_name = "fade_to_credits"
length = 2.0
tracks/0/type = "value"
tracks/0/imported = false
tracks/0/enabled = true
tracks/0/path = NodePath("Thanks4Playing/ColorRect:color")
tracks/0/interp = 1
tracks/0/loop_wrap = true
tracks/0/keys = {
"times": PackedFloat32Array(0, 1, 2),
"transitions": PackedFloat32Array(1, 1, 1),
"update": 0,
"values": [Color(0, 0, 0, 0), Color(0, 0, 0, 1), Color(0, 0, 0, 0)]
}
tracks/1/type = "value"
tracks/1/imported = false
tracks/1/enabled = true
tracks/1/path = NodePath("Thanks4Playing:visible")
tracks/1/interp = 1
tracks/1/loop_wrap = true
tracks/1/keys = {
"times": PackedFloat32Array(0, 1),
"transitions": PackedFloat32Array(1, 1),
"update": 1,
"values": [false, true]
}

[sub_resource type="AnimationLibrary" id="AnimationLibrary_7cwsq"]
_data = {
&"RESET": SubResource("Animation_3f448"),
&"fade_to_credits": SubResource("Animation_2ny58")
}

[sub_resource type="StandardMaterial3D" id="StandardMaterial3D_4nq7o"]
albedo_color = Color(0.691357, 0.691357, 0.691357, 1)
albedo_texture = ExtResource("5_wqfkb")
normal_enabled = true
normal_texture = ExtResource("7_3uijt")
ao_enabled = true
heightmap_texture = ExtResource("6_t7ktp")
uv1_scale = Vector3(1.475, 1.475, 1.475)
uv1_triplanar = true

[sub_resource type="BoxShape3D" id="BoxShape3D_iwa22"]
size = Vector3(3.5156, 2.3721, 5.60907)

[sub_resource type="LabelSettings" id="LabelSettings_kmilf"]
font = ExtResource("6_ia7rp")
font_size = 34
font_color = Color(1, 0.839216, 0, 1)
outline_size = 7
outline_color = Color(0.142706, 0.71312, 0.593373, 1)

[sub_resource type="Resource" id="Resource_7s1yi"]
resource_local_to_scene = true
resource_name = "MMIOctreeNode"
script = ExtResource("11_t7ktp")
member_placeforms = [[Vector3(-3.45526, 0.14917, -7.62173), Vector3(0, 1, 0), Transform3D(0.0352176, 0, 0.880018, 0, 0.880722, 0, -0.880018, 0, 0.0352176, -3.45526, 0.14917, -7.62173), 2], [Vector3(-4.48221, 0.14917, -5.62483), Vector3(0, 1, 0), Transform3D(-0.893735, 0, -0.761467, 0, 1.17413, 0, 0.761467, 0, -0.893735, -4.48221, 0.14917, -5.62483), 2], [Vector3(-3.08551, 0.14917, 6.49158), Vector3(0, 1, 0), Transform3D(0.0885021, 0, -1.17978, 0, 1.18309, 0, 1.17978, 0, 0.0885021, -3.08551, 0.14917, 6.49158), 3], [Vector3(-4.01908, 0.14917, 7.90953), Vector3(0, 1, 0), Transform3D(1.03221, 0, -0.409651, 0, 1.11053, 0, 0.409651, 0, 1.03221, -4.01908, 0.14917, 7.90953), 3], [Vector3(-3.52795, 0.14917, 4.36989), Vector3(0, 1, 0), Transform3D(-0.868939, 0, 0.574224, 0, 1.04153, 0, -0.574224, 0, -0.868939, -3.52795, 0.14917, 4.36989), 3], [Vector3(-4.41267, 0.14917, 3.21603), Vector3(0, 1, 0), Transform3D(1.06277, 0, -0.523172, 0, 1.18456, 0, 0.523172, 0, 1.06277, -4.41267, 0.14917, 3.21603), 3], [Vector3(-3.91309, 0.14917, 0.490337), Vector3(0, 1, 0), Transform3D(-0.897424, 0, 0.303687, 0, 0.947415, 0, -0.303687, 0, -0.897424, -3.91309, 0.14917, 0.490337), 3], [Vector3(-2.85418, 0.14917, -0.476094), Vector3(0, 1, 0), Transform3D(0.733499, 0, 0.469539, 0, 0.870912, 0, -0.469539, 0, 0.733499, -2.85418, 0.14917, -0.476094), 3], [Vector3(-3.79827, 0.14917, -3.16957), Vector3(0, 1, 0), Transform3D(-0.919699, 0, -0.531484, 0, 1.06222, 0, 0.531484, 0, -0.919699, -3.79827, 0.14917, -3.16957), 3]]
child_nodes = []
max_members = 75
min_leaf_extent = 1.0
octant = -1
is_leaf = true
center_pos = Vector3(7, -5, -5)
extent = 16.0
bounds = AABB(-9, -21, -21, 32, 32, 32)
max_bounds_to_center_dist = 27.7128
min_bounds_to_center_dist = 16.0
active_LOD_index = 0
metadata/class = "MMIOctreeNode"

[sub_resource type="Resource" id="Resource_w38in"]
resource_local_to_scene = true
resource_name = "MMIOctreeManager"
script = ExtResource("12_3uijt")
root_octree_node = SubResource("Resource_7s1yi")
metadata/class = "MMIOctreeManager"

[sub_resource type="Resource" id="Resource_3uijt"]
resource_local_to_scene = true
resource_name = "MMIOctreeNode"
script = ExtResource("11_t7ktp")
member_placeforms = [[Vector3(-3.91363, 0.14917, 2.02235), Vector3(0, 1, 0), Transform3D(0.809822, 0, 0.586675, 0, 1, 0, -0.586675, 0, 0.809822, -3.91363, 0.14917, 2.02235), 7], [Vector3(-2.31936, 0.149171, 1.47433), Vector3(0, 1, 0), Transform3D(-0.921387, 0, 0.388646, 0, 1, 0, -0.388646, 0, -0.921387, -2.31936, 0.149171, 1.47433), 7], [Vector3(-3.83177, 0.14917, 0.0536447), Vector3(0, 1, 0), Transform3D(0.962771, 0, 0.27032, 0, 1, 0, -0.27032, 0, 0.962771, -3.83177, 0.14917, 0.0536447), 7], [Vector3(-2.4032, 0.149171, -0.12345), Vector3(0, 1, 0), Transform3D(-0.807241, 0, 0.590222, 0, 1, 0, -0.590222, 0, -0.807241, -2.4032, 0.149171, -0.12345), 7], [Vector3(-3.82811, 0.14917, -1.47205), Vector3(0, 1, 0), Transform3D(-0.923628, 0, -0.38329, 0, 1, 0, 0.38329, 0, -0.923628, -3.82811, 0.14917, -1.47205), 7], [Vector3(-2.34411, 0.14917, -1.42168), Vector3(0, 1, 0), Transform3D(-0.555166, 0, -0.83174, 0, 1, 0, 0.83174, 0, -0.555166, -2.34411, 0.14917, -1.42168), 7], [Vector3(-2.41859, 0.149171, -3.04343), Vector3(0, 1, 0), Transform3D(0.57634, 0, 0.81721, 0, 1, 0, -0.81721, 0, 0.57634, -2.41859, 0.149171, -3.04343), 7], [Vector3(-4.19871, 0.14917, -4.63127), Vector3(0, 1, 0), Transform3D(0.298364, 0, 0.954452, 0, 1, 0, -0.954452, 0, 0.298364, -4.19871, 0.14917, -4.63127), 7], [Vector3(-3.76082, 0.14917, -5.85951), Vector3(0, 1, 0), Transform3D(0.861744, 0, -0.507344, 0, 1, 0, 0.507344, 0, 0.861744, -3.76082, 0.14917, -5.85951), 6], [Vector3(-3.77726, 0.14917, -8.05118), Vector3(0, 1, 0), Transform3D(-0.809783, 0, 0.58673, 0, 1, 0, -0.58673, 0, -0.809783, -3.77726, 0.14917, -8.05118), 6], [Vector3(-2.89578, 0.149171, -8.96205), Vector3(0, 1, 0), Transform3D(-0.78406, 0, 0.620685, 0, 1, 0, -0.620685, 0, -0.78406, -2.89578, 0.149171, -8.96205), 6], [Vector3(-3.86508, 0.14917, -9.27383), Vector3(0, 1, 0), Transform3D(-0.955513, 0, -0.29495, 0, 1, 0, 0.29495, 0, -0.955513, -3.86508, 0.14917, -9.27383), 6], [Vector3(-4.26466, 0.149169, -3.06775), Vector3(0, 1, 0), Transform3D(-0.99906, 0, 0.0433392, 0, 1, 0, -0.0433392, 0, -0.99906, -4.26466, 0.149169, -3.06775), 7], [Vector3(-3.11575, 0.14917, -6.89873), Vector3(0, 1, 0), Transform3D(-0.658929, 0, 0.752205, 0, 1, 0, -0.752205, 0, -0.658929, -3.11575, 0.14917, -6.89873), 6], [Vector3(-3.67748, 0.14917, -3.68656), Vector3(0, 1, 0), Transform3D(-0.713549, 0, -0.700605, 0, 1, 0, 0.700605, 0, -0.713549, -3.67748, 0.14917, -3.68656), 7], [Vector3(-3.47992, 0.14917, -2.51276), Vector3(0, 1, 0), Transform3D(-0.96744, 0, 0.253101, 0, 1, 0, -0.253101, 0, -0.96744, -3.47992, 0.14917, -2.51276), 7], [Vector3(-2.96963, 0.14917, 4.12704), Vector3(0, 1, 0), Transform3D(0.991365, 0, -0.131134, 0, 1, 0, 0.131134, 0, 0.991365, -2.96963, 0.14917, 4.12704), 7], [Vector3(-4.05027, 0.14917, 1.462), Vector3(0, 1, 0), Transform3D(-0.990928, 0, -0.134394, 0, 1, 0, 0.134394, 0, -0.990928, -4.05027, 0.14917, 1.462), 7], [Vector3(-4.3492, 0.14917, 3.05047), Vector3(0, 1, 0), Transform3D(-0.993917, 0, -0.110132, 0, 1, 0, 0.110132, 0, -0.993917, -4.3492, 0.14917, 3.05047), 7], [Vector3(-4.2153, 0.14917, 4.6938), Vector3(0, 1, 0), Transform3D(-0.86933, 0, 0.494233, 0, 1, 0, -0.494233, 0, -0.86933, -4.2153, 0.14917, 4.6938), 7], [Vector3(-3.15616, 0.149171, -5.5562), Vector3(0, 1, 0), Transform3D(0.860119, 0, 0.510094, 0, 1, 0, -0.510094, 0, 0.860119, -3.15616, 0.149171, -5.5562), 6], [Vector3(-2.7534, 0.14917, 4.93431), Vector3(0, 1, 0), Transform3D(0.324905, 0, 0.945747, 0, 1, 0, -0.945747, 0, 0.324905, -2.7534, 0.14917, 4.93431), 7], [Vector3(-3.07587, 0.149169, 5.29788), Vector3(0, 1, 0), Transform3D(0.751651, 0, 0.659561, 0, 1, 0, -0.659561, 0, 0.751651, -3.07587, 0.149169, 5.29788), 7], [Vector3(-2.78831, 0.14917, 8.24719), Vector3(0, 1, 0), Transform3D(-0.423948, 0, -0.905687, 0, 1, 0, 0.905687, 0, -0.423948, -2.78831, 0.14917, 8.24719), 7], [Vector3(-2.80199, 0.14917, -4.37605), Vector3(0, 1, 0), Transform3D(0.685155, 0, -0.728398, 0, 1, 0, 0.728398, 0, 0.685155, -2.80199, 0.14917, -4.37605), 7], [Vector3(-2.21669, 0.14917, 2.46567), Vector3(0, 1, 0), Transform3D(-0.207891, 0, 0.978152, 0, 1, 0, -0.978152, 0, -0.207891, -2.21669, 0.14917, 2.46567), 7], [Vector3(-2.34228, 0.14917, 7.07577), Vector3(0, 1, 0), Transform3D(0.562216, 0, 0.826991, 0, 1, 0, -0.826991, 0, 0.562216, -2.34228, 0.14917, 7.07577), 7], [Vector3(-3.91453, 0.14917, 6.62391), Vector3(0, 1, 0), Transform3D(-0.892975, 0, -0.450106, 0, 1, 0, 0.450106, 0, -0.892975, -3.91453, 0.14917, 6.62391), 7], [Vector3(-2.30443, 0.14917, 9.60741), Vector3(0, 1, 0), Transform3D(-0.905582, 0, -0.42417, 0, 1, 0, 0.42417, 0, -0.905582, -2.30443, 0.14917, 9.60741), 7], [Vector3(-4.25826, 0.149171, 7.71972), Vector3(0, 1, 0), Transform3D(-0.997002, 0, -0.0773707, 0, 1, 0, 0.0773707, 0, -0.997002, -4.25826, 0.149171, 7.71972), 7], [Vector3(-4.3962, 0.14917, 5.30806), Vector3(0, 1, 0), Transform3D(0.378476, 0, 0.925611, 0, 1, 0, -0.925611, 0, 0.378476, -4.3962, 0.14917, 5.30806), 7], [Vector3(-4.07168, 0.149169, 8.79266), Vector3(0, 1, 0), Transform3D(0.349717, 0, 0.936855, 0, 1, 0, -0.936855, 0, 0.349717, -4.07168, 0.149169, 8.79266), 7], [Vector3(-4.26797, 0.149169, 9.64026), Vector3(0, 1, 0), Transform3D(0.245741, 0, 0.969336, 0, 1, 0, -0.969336, 0, 0.245741, -4.26797, 0.149169, 9.64026), 7], [Vector3(-3.10114, 0.14917, 10.0153), Vector3(0, 1, 0), Transform3D(0.948632, 0, 0.316383, 0, 1, 0, -0.316383, 0, 0.948632, -3.10114, 0.14917, 10.0153), 7], [Vector3(-4.40152, 0.14917, -7.66523), Vector3(0, 1, 0), Transform3D(0.995382, 0, 0.0959935, 0, 1, 0, -0.0959935, 0, 0.995382, -4.40152, 0.14917, -7.66523), 6], [Vector3(-4.10763, 0.14917, -0.345847), Vector3(0, 1, 0), Transform3D(0.79798, 0, 0.602684, 0, 1, 0, -0.602684, 0, 0.79798, -4.10763, 0.14917, -0.345847), 7], [Vector3(-4.36535, 0.14917, 0.882998), Vector3(0, 1, 0), Transform3D(-0.0488113, 0, 0.998808, 0, 1, 0, -0.998808, 0, -0.0488113, -4.36535, 0.14917, 0.882998), 7], [Vector3(-4.11274, 0.14917, -7.60271), Vector3(0, 1, 0), Transform3D(0.33466, 0, 0.942339, 0, 1, 0, -0.942339, 0, 0.33466, -4.11274, 0.14917, -7.60271), 6]]
child_nodes = []
max_members = 75
min_leaf_extent = 1.0
octant = 0
is_leaf = true
center_pos = Vector3(-17, -5, -5)
extent = 16.0
bounds = AABB(-33, -21, -21, 32, 32, 32)
max_bounds_to_center_dist = 27.7128
min_bounds_to_center_dist = 16.0
active_LOD_index = 0
metadata/class = "MMIOctreeNode"

[sub_resource type="Resource" id="Resource_4nq7o"]
resource_local_to_scene = true
resource_name = "MMIOctreeNode"
script = ExtResource("11_t7ktp")
member_placeforms = []
child_nodes = []
max_members = 75
min_leaf_extent = 1.0
octant = 1
is_leaf = true
center_pos = Vector3(-17, -5, 27)
extent = 16.0
bounds = AABB(-33, -21, 11, 32, 32, 32)
max_bounds_to_center_dist = 27.7128
min_bounds_to_center_dist = 16.0
active_LOD_index = 0
metadata/class = "MMIOctreeNode"

[sub_resource type="Resource" id="Resource_t4kt8"]
resource_local_to_scene = true
resource_name = "MMIOctreeNode"
script = ExtResource("11_t7ktp")
member_placeforms = []
child_nodes = []
max_members = 75
min_leaf_extent = 1.0
octant = 2
is_leaf = true
center_pos = Vector3(-17, 27, -5)
extent = 16.0
bounds = AABB(-33, 11, -21, 32, 32, 32)
max_bounds_to_center_dist = 27.7128
min_bounds_to_center_dist = 16.0
active_LOD_index = 0
metadata/class = "MMIOctreeNode"

[sub_resource type="Resource" id="Resource_nof3a"]
resource_local_to_scene = true
resource_name = "MMIOctreeNode"
script = ExtResource("11_t7ktp")
member_placeforms = []
child_nodes = []
max_members = 75
min_leaf_extent = 1.0
octant = 3
is_leaf = true
center_pos = Vector3(-17, 27, 27)
extent = 16.0
bounds = AABB(-33, 11, 11, 32, 32, 32)
max_bounds_to_center_dist = 27.7128
min_bounds_to_center_dist = 16.0
active_LOD_index = 0
metadata/class = "MMIOctreeNode"

[sub_resource type="Resource" id="Resource_hh25t"]
resource_local_to_scene = true
resource_name = "MMIOctreeNode"
script = ExtResource("11_t7ktp")
member_placeforms = []
child_nodes = []
max_members = 75
min_leaf_extent = 1.0
octant = 0
is_leaf = true
center_pos = Vector3(7, -13, -13)
extent = 8.0
bounds = AABB(-1, -21, -21, 16, 16, 16)
max_bounds_to_center_dist = 13.8564
min_bounds_to_center_dist = 8.0
active_LOD_index = 0
metadata/class = "MMIOctreeNode"

[sub_resource type="Resource" id="Resource_eec8e"]
resource_local_to_scene = true
resource_name = "MMIOctreeNode"
script = ExtResource("11_t7ktp")
member_placeforms = []
child_nodes = []
max_members = 75
min_leaf_extent = 1.0
octant = 1
is_leaf = true
center_pos = Vector3(7, -13, 3)
extent = 8.0
bounds = AABB(-1, -21, -5, 16, 16, 16)
max_bounds_to_center_dist = 13.8564
min_bounds_to_center_dist = 8.0
active_LOD_index = 0
metadata/class = "MMIOctreeNode"

[sub_resource type="Resource" id="Resource_w8f1e"]
resource_local_to_scene = true
resource_name = "MMIOctreeNode"
script = ExtResource("11_t7ktp")
member_placeforms = [[Vector3(13.3745, 0.149168, -9.65492), Vector3(0, 1, 0), Transform3D(-0.69582, 0, -0.718216, 0, 1, 0, 0.718216, 0, -0.69582, 13.3745, 0.149168, -9.65492), 5], [Vector3(12.0406, 0.14917, -9.47817), Vector3(0, 1, 0), Transform3D(0.753157, 0, -0.65784, 0, 1, 0, 0.65784, 0, 0.753157, 12.0406, 0.14917, -9.47817), 5], [Vector3(10.3238, 0.149168, -9.13342), Vector3(0, 1, 0), Transform3D(0.98389, 0, 0.178778, 0, 1, 0, -0.178778, 0, 0.98389, 10.3238, 0.149168, -9.13342), 5], [Vector3(8.86756, 0.149172, -9.12565), Vector3(0, 1, 0), Transform3D(0.403299, 0, 0.915068, 0, 1, 0, -0.915068, 0, 0.403299, 8.86756, 0.149172, -9.12565), 5], [Vector3(13.6836, 0.149172, -7.61995), Vector3(0, 1, 0), Transform3D(-0.249563, 0, 0.968359, 0, 1, 0, -0.968359, 0, -0.249563, 13.6836, 0.149172, -7.61995), 5], [Vector3(11.5944, 0.149168, -8.17686), Vector3(0, 1, 0), Transform3D(0.665682, 0, -0.746236, 0, 1, 0, 0.746236, 0, 0.665682, 11.5944, 0.149168, -8.17686), 5], [Vector3(9.77416, 0.149168, -8.29364), Vector3(0, 1, 0), Transform3D(-0.0838592, 0, 0.996478, 0, 1, 0, -0.996478, 0, -0.0838592, 9.77416, 0.149168, -8.29364), 5], [Vector3(8.87227, 0.14917, -7.68187), Vector3(0, 1, 0), Transform3D(-0.284274, 0, -0.958743, 0, 1, 0, 0.958743, 0, -0.284274, 8.87227, 0.14917, -7.68187), 5], [Vector3(7.12181, 0.14917, -7.89851), Vector3(0, 1, 0), Transform3D(0.0898431, 0, -0.995956, 0, 1, 0, 0.995956, 0, 0.0898431, 7.12181, 0.14917, -7.89851), 5], [Vector3(4.97723, 0.14917, -8.32114), Vector3(0, 1, 0), Transform3D(-0.972953, 0, 0.231005, 0, 1, 0, -0.231005, 0, -0.972953, 4.97723, 0.14917, -8.32114), 1], [Vector3(13.0451, 0.14917, -6.09113), Vector3(0, 1, 0), Transform3D(-0.653251, 0, 0.757141, 0, 1, 0, -0.757141, 0, -0.653251, 13.0451, 0.14917, -6.09113), 5], [Vector3(11.7441, 0.14917, -6.56719), Vector3(0, 1, 0), Transform3D(0.125998, 0, -0.992031, 0, 1, 0, 0.992031, 0, 0.125998, 11.7441, 0.14917, -6.56719), 5], [Vector3(9.90692, 0.149168, -6.41941), Vector3(0, 1, 0), Transform3D(-0.991519, 0, -0.129965, 0, 1, 0, 0.129965, 0, -0.991519, 9.90692, 0.149168, -6.41941), 5], [Vector3(8.87523, 0.14917, -5.9935), Vector3(0, 1, 0), Transform3D(-0.461837, 0, 0.886965, 0, 1, 0, -0.886965, 0, -0.461837, 8.87523, 0.14917, -5.9935), 5], [Vector3(7.28967, 0.14917, -6.64915), Vector3(0, 1, 0), Transform3D(-0.898256, 0, -0.439472, 0, 1, 0, 0.439472, 0, -0.898256, 7.28967, 0.14917, -6.64915), 5], [Vector3(5.24871, 0.149171, -6.19894), Vector3(0, 1, 0), Transform3D(-0.116148, 0, -0.993232, 0, 1, 0, 0.993232, 0, -0.116148, 5.24871, 0.149171, -6.19894), 1], [Vector3(10.185, 0.149168, -5.02292), Vector3(0, 1, 0), Transform3D(-0.770262, 0, -0.637727, 0, 1, 0, 0.637727, 0, -0.770262, 10.185, 0.149168, -5.02292), 5], [Vector3(7.11735, 0.14917, -5.05653), Vector3(0, 1, 0), Transform3D(-0.388505, 0, -0.921447, 0, 1, 0, 0.921447, 0, -0.388505, 7.11735, 0.14917, -5.05653), 5], [Vector3(5.27862, 0.149169, -8.91708), Vector3(0, 1, 0), Transform3D(0.541263, 0, 0.840854, 0, 1, 0, -0.840854, 0, 0.541263, 5.27862, 0.149169, -8.91708), 1], [Vector3(3.60163, 0.149169, -9.24209), Vector3(0, 1, 0), Transform3D(-0.567111, 0, -0.823642, 0, 1, 0, 0.823642, 0, -0.567111, 3.60163, 0.149169, -9.24209), 1], [Vector3(5.77882, 0.149167, -8.38973), Vector3(0, 1, 0), Transform3D(-0.519073, 0, -0.85473, 0, 1, 0, 0.85473, 0, -0.519073, 5.77882, 0.149167, -8.38973), 1], [Vector3(12.3118, 0.149169, -7.45183), Vector3(0, 1, 0), Transform3D(-0.107594, 0, 0.994195, 0, 1, 0, -0.994195, 0, -0.107594, 12.3118, 0.149169, -7.45183), 5], [Vector3(5.95372, 0.149169, -7.15035), Vector3(0, 1, 0), Transform3D(-0.719177, 0, 0.694827, 0, 1, 0, -0.694827, 0, -0.719177, 5.95372, 0.149169, -7.15035), 1], [Vector3(4.67933, 0.149169, -7.41329), Vector3(0, 1, 0), Transform3D(0.783175, 0, -0.621801, 0, 1, 0, 0.621801, 0, 0.783175, 4.67933, 0.149169, -7.41329), 1], [Vector3(6.49437, 0.149169, -5.46752), Vector3(0, 1, 0), Transform3D(0.941428, 0, 0.337213, 0, 1, 0, -0.337213, 0, 0.941428, 6.49437, 0.149169, -5.46752), 1], [Vector3(10.9378, 0.14917, -10.244), Vector3(0, 1, 0), Transform3D(-0.971844, 0, -0.235623, 0, 1, 0, 0.235623, 0, -0.971844, 10.9378, 0.14917, -10.244), 5], [Vector3(7.10428, 0.14917, -9.30286), Vector3(0, 1, 0), Transform3D(-0.461888, 0, -0.886938, 0, 1, 0, 0.886938, 0, -0.461888, 7.10428, 0.14917, -9.30286), 5], [Vector3(13.3037, 0.14917, -10.3887), Vector3(0, 1, 0), Transform3D(0.999331, 0, 0.0365704, 0, 1, 0, -0.0365704, 0, 0.999331, 13.3037, 0.14917, -10.3887), 5], [Vector3(9.73912, 0.149169, -10.3097), Vector3(0, 1, 0), Transform3D(-0.721121, 0, 0.692809, 0, 1, 0, -0.692809, 0, -0.721121, 9.73912, 0.149169, -10.3097), 5], [Vector3(10.9607, 0.14917, -6.86446), Vector3(0, 1, 0), Transform3D(-0.495548, 0, 0.86858, 0, 1, 0, -0.86858, 0, -0.495548, 10.9607, 0.14917, -6.86446), 5], [Vector3(12.9651, 0.149171, -8.57253), Vector3(0, 1, 0), Transform3D(-0.126639, 0, 0.991949, 0, 1, 0, -0.991949, 0, -0.126639, 12.9651, 0.149171, -8.57253), 5], [Vector3(10.41, 0.14917, -7.03407), Vector3(0, 1, 0), Transform3D(-0.268194, 0, -0.963365, 0, 1, 0, 0.963365, 0, -0.268194, 10.41, 0.14917, -7.03407), 5], [Vector3(10.2074, 0.14917, -8.06457), Vector3(0, 1, 0), Transform3D(-0.187986, 0, 0.982172, 0, 1, 0, -0.982172, 0, -0.187986, 10.2074, 0.14917, -8.06457), 5], [Vector3(13.8461, 0.149169, -6.21006), Vector3(0, 1, 0), Transform3D(-0.825628, 0, 0.564214, 0, 1, 0, -0.564214, 0, -0.825628, 13.8461, 0.149169, -6.21006), 5], [Vector3(13.7298, 0.149169, -8.37827), Vector3(0, 1, 0), Transform3D(0.957137, 0, 0.289635, 0, 1, 0, -0.289635, 0, 0.957137, 13.7298, 0.149169, -8.37827), 5], [Vector3(5.79844, 0.14917, -8.89498), Vector3(0, 1, 0), Transform3D(-0.105905, 0, -0.994376, 0, 1, 0, 0.994376, 0, -0.105905, 5.79844, 0.14917, -8.89498), 1]]
child_nodes = []
max_members = 75
min_leaf_extent = 1.0
octant = 2
is_leaf = true
center_pos = Vector3(7, 3, -13)
extent = 8.0
bounds = AABB(-1, -5, -21, 16, 16, 16)
max_bounds_to_center_dist = 13.8564
min_bounds_to_center_dist = 8.0
active_LOD_index = 0
metadata/class = "MMIOctreeNode"

[sub_resource type="Resource" id="Resource_i6jwl"]
resource_local_to_scene = true
resource_name = "MMIOctreeNode"
script = ExtResource("11_t7ktp")
member_placeforms = [[Vector3(5.17791, 0.14917, -4.5539), Vector3(0, 1, 0), Transform3D(-0.922725, 0, 0.385459, 0, 1, 0, -0.385459, 0, -0.922725, 5.17791, 0.14917, -4.5539), 6], [Vector3(4.13756, 0.14917, -4.83436), Vector3(0, 1, 0), Transform3D(0.92906, 0, -0.369929, 0, 1, 0, 0.369929, 0, 0.92906, 4.13756, 0.14917, -4.83436), 6], [Vector3(5.56437, 0.149172, -2.82165), Vector3(0, 1, 0), Transform3D(0.117605, 0, -0.99306, 0, 1, 0, 0.99306, 0, 0.117605, 5.56437, 0.149172, -2.82165), 6], [Vector3(6.8891, 0.14917, -1.37787), Vector3(0, 1, 0), Transform3D(0.376205, 0, -0.926537, 0, 1, 0, 0.926537, 0, 0.376205, 6.8891, 0.14917, -1.37787), 6], [Vector3(5.14875, 0.14917, -1.60154), Vector3(0, 1, 0), Transform3D(0.0530763, 0, 0.99859, 0, 1, 0, -0.99859, 0, 0.0530763, 5.14875, 0.14917, -1.60154), 6], [Vector3(6.97047, 0.14917, 0.0741978), Vector3(0, 1, 0), Transform3D(0.62352, 0, 0.781807, 0, 1, 0, -0.781807, 0, 0.62352, 6.97047, 0.14917, 0.0741978), 7], [Vector3(5.38444, 0.14917, 0.522158), Vector3(0, 1, 0), Transform3D(0.764137, 0, 0.645054, 0, 1, 0, -0.645054, 0, 0.764137, 5.38444, 0.14917, 0.522158), 7], [Vector3(5.41301, 0.14917, 1.18672), Vector3(0, 1, 0), Transform3D(-0.59559, 0, 0.803289, 0, 1, 0, -0.803289, 0, -0.59559, 5.41301, 0.14917, 1.18672), 7], [Vector3(6.20684, 0.149171, -3.98174), Vector3(0, 1, 0), Transform3D(0.0848759, 0, 0.996392, 0, 1, 0, -0.996392, 0, 0.0848759, 6.20684, 0.149171, -3.98174), 6], [Vector3(4.26386, 0.149169, -2.66407), Vector3(0, 1, 0), Transform3D(0.999122, 0, -0.0419045, 0, 1, 0, 0.0419045, 0, 0.999122, 4.26386, 0.149169, -2.66407), 6], [Vector3(5.49925, 0.149169, -0.529791), Vector3(0, 1, 0), Transform3D(0.638465, 0, -0.769651, 0, 1, 0, 0.769651, 0, 0.638465, 5.49925, 0.149169, -0.529791), 7], [Vector3(5.58605, 0.149169, 2.21615), Vector3(0, 1, 0), Transform3D(0.891821, 0, 0.452389, 0, 1, 0, -0.452389, 0, 0.891821, 5.58605, 0.149169, 2.21615), 7], [Vector3(6.65299, 0.149169, 2.40186), Vector3(0, 1, 0), Transform3D(0.951067, 0, 0.308985, 0, 1, 0, -0.308985, 0, 0.951067, 6.65299, 0.149169, 2.40186), 7], [Vector3(6.84225, 0.149171, -2.5625), Vector3(0, 1, 0), Transform3D(0.357303, 0, 0.933989, 0, 1, 0, -0.933989, 0, 0.357303, 6.84225, 0.149171, -2.5625), 6], [Vector3(4.51826, 0.14917, 0.541129), Vector3(0, 1, 0), Transform3D(0.997058, 0, -0.076657, 0, 1, 0, 0.076657, 0, 0.997058, 4.51826, 0.14917, 0.541129), 7]]
child_nodes = []
max_members = 75
min_leaf_extent = 1.0
octant = 0
is_leaf = true
center_pos = Vector3(3, -1, -1)
extent = 4.0
bounds = AABB(-1, -5, -5, 8, 8, 8)
max_bounds_to_center_dist = 6.9282
min_bounds_to_center_dist = 4.0
active_LOD_index = 0
metadata/class = "MMIOctreeNode"

[sub_resource type="Resource" id="Resource_f10ih"]
resource_local_to_scene = true
resource_name = "MMIOctreeNode"
script = ExtResource("11_t7ktp")
member_placeforms = [[Vector3(5.09956, 0.14917, 6.15962), Vector3(0, 1, 0), Transform3D(0.872533, 0, -0.488555, 0, 1, 0, 0.488555, 0, 0.872533, 5.09956, 0.14917, 6.15962), 6], [Vector3(5.48571, 0.14917, 4.89818), Vector3(0, 1, 0), Transform3D(0.832653, 0, 0.553796, 0, 1, 0, -0.553796, 0, 0.832653, 5.48571, 0.14917, 4.89818), 6], [Vector3(6.54177, 0.14917, 4.85071), Vector3(0, 1, 0), Transform3D(-0.0579528, 0, -0.998319, 0, 1, 0, 0.998319, 0, -0.0579528, 6.54177, 0.14917, 4.85071), 6], [Vector3(5.06482, 0.14917, 3.38407), Vector3(0, 1, 0), Transform3D(0.0515232, 0, -0.998672, 0, 1, 0, 0.998672, 0, 0.0515232, 5.06482, 0.14917, 3.38407), 6], [Vector3(6.89176, 0.14917, 3.03707), Vector3(0, 1, 0), Transform3D(0.633226, 0, -0.773967, 0, 1, 0, 0.773967, 0, 0.633226, 6.89176, 0.14917, 3.03707), 6], [Vector3(5.91422, 0.14917, 3.9665), Vector3(0, 1, 0), Transform3D(-0.52713, 0, -0.849785, 0, 1, 0, 0.849785, 0, -0.52713, 5.91422, 0.14917, 3.9665), 6], [Vector3(6.42167, 0.14917, 7.20452), Vector3(0, 1, 0), Transform3D(-0.591927, 0, -0.805992, 0, 1, 0, 0.805992, 0, -0.591927, 6.42167, 0.14917, 7.20452), 7], [Vector3(4.6664, 0.149171, 4.10954), Vector3(0, 1, 0), Transform3D(-0.8956, 0, 0.44486, 0, 1, 0, -0.44486, 0, -0.8956, 4.6664, 0.149171, 4.10954), 6], [Vector3(4.6909, 0.14917, 7.42564), Vector3(0, 1, 0), Transform3D(0.252331, 0, -0.967641, 0, 1, 0, 0.967641, 0, 0.252331, 4.6909, 0.14917, 7.42564), 7], [Vector3(6.3321, 0.149171, 5.32994), Vector3(0, 1, 0), Transform3D(0.244555, 0, 0.969635, 0, 1, 0, -0.969635, 0, 0.244555, 6.3321, 0.149171, 5.32994), 6], [Vector3(6.32554, 0.14917, 8.88535), Vector3(0, 1, 0), Transform3D(-0.0291037, 0, 0.999576, 0, 1, 0, -0.999576, 0, -0.0291037, 6.32554, 0.14917, 8.88535), 7], [Vector3(4.48147, 0.14917, 8.52227), Vector3(0, 1, 0), Transform3D(0.0824514, 0, -0.996595, 0, 1, 0, 0.996595, 0, 0.0824514, 4.48147, 0.14917, 8.52227), 7], [Vector3(3.01344, 0.14917, 9.2215), Vector3(0, 1, 0), Transform3D(0.831958, 0, 0.554839, 0, 1, 0, -0.554839, 0, 0.831958, 3.01344, 0.14917, 9.2215), 7], [Vector3(5.11837, 0.149171, 7.94549), Vector3(0, 1, 0), Transform3D(-0.75468, 0, -0.656093, 0, 1, 0, 0.656093, 0, -0.75468, 5.11837, 0.149171, 7.94549), 7], [Vector3(6.51648, 0.14917, 9.64992), Vector3(0, 1, 0), Transform3D(0.677128, 0, 0.735866, 0, 1, 0, -0.735866, 0, 0.677128, 6.51648, 0.14917, 9.64992), 7], [Vector3(3.94335, 0.14917, 9.9578), Vector3(0, 1, 0), Transform3D(-0.446318, 0, -0.894875, 0, 1, 0, 0.894875, 0, -0.446318, 3.94335, 0.14917, 9.9578), 7], [Vector3(3.47124, 0.14917, 8.90255), Vector3(0, 1, 0), Transform3D(0.746203, 0, -0.665718, 0, 1, 0, 0.665718, 0, 0.746203, 3.47124, 0.14917, 8.90255), 7], [Vector3(3.97585, 0.149171, 7.71456), Vector3(0, 1, 0), Transform3D(0.69714, 0, -0.716935, 0, 1, 0, 0.716935, 0, 0.69714, 3.97585, 0.149171, 7.71456), 7], [Vector3(5.49079, 0.149171, 9.57908), Vector3(0, 1, 0), Transform3D(-0.505321, 0, 0.862932, 0, 1, 0, -0.862932, 0, -0.505321, 5.49079, 0.149171, 9.57908), 7], [Vector3(4.83995, 0.149168, 5.5173), Vector3(0, 1, 0), Transform3D(0.289067, 0, -0.957309, 0, 1, 0, 0.957309, 0, 0.289067, 4.83995, 0.149168, 5.5173), 6], [Vector3(3.28676, 0.14917, 9.6895), Vector3(0, 1, 0), Transform3D(0.08241, 0, 0.996599, 0, 1, 0, -0.996599, 0, 0.08241, 3.28676, 0.14917, 9.6895), 7], [Vector3(5.70557, 0.149171, 6.39472), Vector3(0, 1, 0), Transform3D(0.694351, 0, -0.719636, 0, 1, 0, 0.719636, 0, 0.694351, 5.70557, 0.149171, 6.39472), 6]]
child_nodes = []
max_members = 75
min_leaf_extent = 1.0
octant = 1
is_leaf = true
center_pos = Vector3(3, -1, 7)
extent = 4.0
bounds = AABB(-1, -5, 3, 8, 8, 8)
max_bounds_to_center_dist = 6.9282
min_bounds_to_center_dist = 4.0
active_LOD_index = 0
metadata/class = "MMIOctreeNode"

[sub_resource type="Resource" id="Resource_p00w1"]
resource_local_to_scene = true
resource_name = "MMIOctreeNode"
script = ExtResource("11_t7ktp")
member_placeforms = []
child_nodes = []
max_members = 75
min_leaf_extent = 1.0
octant = 2
is_leaf = true
center_pos = Vector3(3, 7, -1)
extent = 4.0
bounds = AABB(-1, 3, -5, 8, 8, 8)
max_bounds_to_center_dist = 6.9282
min_bounds_to_center_dist = 4.0
active_LOD_index = 0
metadata/class = "MMIOctreeNode"

[sub_resource type="Resource" id="Resource_wgvvo"]
resource_local_to_scene = true
resource_name = "MMIOctreeNode"
script = ExtResource("11_t7ktp")
member_placeforms = []
child_nodes = []
max_members = 75
min_leaf_extent = 1.0
octant = 3
is_leaf = true
center_pos = Vector3(3, 7, 7)
extent = 4.0
bounds = AABB(-1, 3, 3, 8, 8, 8)
max_bounds_to_center_dist = 6.9282
min_bounds_to_center_dist = 4.0
active_LOD_index = 0
metadata/class = "MMIOctreeNode"

[sub_resource type="Resource" id="Resource_5crf5"]
resource_local_to_scene = true
resource_name = "MMIOctreeNode"
script = ExtResource("11_t7ktp")
member_placeforms = [[Vector3(13.7069, 0.14917, 2.76131), Vector3(0, 1, 0), Transform3D(-0.581385, 0, 0.813628, 0, 1, 0, -0.813628, 0, -0.581385, 13.7069, 0.14917, 2.76131), 7], [Vector3(7.32211, 0.14917, 1.71634), Vector3(0, 1, 0), Transform3D(0.814676, 0, 0.579917, 0, 1, 0, -0.579917, 0, 0.814676, 7.32211, 0.14917, 1.71634), 3], [Vector3(8.40214, 0.14917, 1.30245), Vector3(0, 1, 0), Transform3D(-0.996003, 0, 0.0893163, 0, 1, 0, -0.0893163, 0, -0.996003, 8.40214, 0.14917, 1.30245), 3], [Vector3(10.0333, 0.14917, 2.01922), Vector3(0, 1, 0), Transform3D(-0.173222, 0, -0.984883, 0, 1, 0, 0.984883, 0, -0.173222, 10.0333, 0.14917, 2.01922), 3], [Vector3(11.2932, 0.14917, 1.64909), Vector3(0, 1, 0), Transform3D(0.998658, 0, -0.0517815, 0, 1, 0, 0.0517815, 0, 0.998658, 11.2932, 0.14917, 1.64909), 7], [Vector3(13.1424, 0.14917, 1.29375), Vector3(0, 1, 0), Transform3D(-0.636927, 0, -0.770924, 0, 1, 0, 0.770924, 0, -0.636927, 13.1424, 0.14917, 1.29375), 7], [Vector3(8.6268, 0.14917, -0.032423), Vector3(0, 1, 0), Transform3D(-0.927525, 0, -0.373761, 0, 1, 0, 0.373761, 0, -0.927525, 8.6268, 0.14917, -0.032423), 3], [Vector3(10.3019, 0.14917, 0.443584), Vector3(0, 1, 0), Transform3D(-0.55856, 0, 0.829464, 0, 1, 0, -0.829464, 0, -0.55856, 10.3019, 0.14917, 0.443584), 3], [Vector3(12.0481, 0.149171, -0.216017), Vector3(0, 1, 0), Transform3D(0.959608, 0, -0.281339, 0, 1, 0, 0.281339, 0, 0.959608, 12.0481, 0.149171, -0.216017), 7], [Vector3(13.6878, 0.149169, -0.0244946), Vector3(0, 1, 0), Transform3D(0.587368, 0, 0.80932, 0, 1, 0, -0.80932, 0, 0.587368, 13.6878, 0.149169, -0.0244946), 7], [Vector3(8.42761, 0.14917, -1.43755), Vector3(0, 1, 0), Transform3D(0.96348, 0, 0.267779, 0, 1, 0, -0.267779, 0, 0.96348, 8.42761, 0.14917, -1.43755), 2], [Vector3(9.86548, 0.14917, -1.89657), Vector3(0, 1, 0), Transform3D(0.101981, 0, -0.994786, 0, 1, 0, 0.994786, 0, 0.101981, 9.86548, 0.14917, -1.89657), 2], [Vector3(11.3186, 0.149168, -1.20069), Vector3(0, 1, 0), Transform3D(-0.546257, 0, 0.837618, 0, 1, 0, -0.837618, 0, -0.546257, 11.3186, 0.149168, -1.20069), 6], [Vector3(12.8979, 0.14917, -1.65918), Vector3(0, 1, 0), Transform3D(-0.284894, 0, 0.958559, 0, 1, 0, -0.958559, 0, -0.284894, 12.8979, 0.14917, -1.65918), 6], [Vector3(7.17127, 0.14917, -3.16009), Vector3(0, 1, 0), Transform3D(-0.951948, 0, 0.30626, 0, 1, 0, -0.30626, 0, -0.951948, 7.17127, 0.14917, -3.16009), 2], [Vector3(8.78472, 0.149171, -3.20394), Vector3(0, 1, 0), Transform3D(-0.76473, 0, 0.644351, 0, 1, 0, -0.644351, 0, -0.76473, 8.78472, 0.149171, -3.20394), 2], [Vector3(9.86109, 0.14917, -2.6375), Vector3(0, 1, 0), Transform3D(0.965025, 0, 0.262159, 0, 1, 0, -0.262159, 0, 0.965025, 9.86109, 0.14917, -2.6375), 2], [Vector3(11.7621, 0.14917, -3.5115), Vector3(0, 1, 0), Transform3D(0.673886, 0, 0.738835, 0, 1, 0, -0.738835, 0, 0.673886, 11.7621, 0.14917, -3.5115), 6], [Vector3(12.9137, 0.149172, -2.95367), Vector3(0, 1, 0), Transform3D(0.899005, 0, -0.437938, 0, 1, 0, 0.437938, 0, 0.899005, 12.9137, 0.149172, -2.95367), 6], [Vector3(8.21086, 0.149171, -4.53933), Vector3(0, 1, 0), Transform3D(-0.0136315, 0, 0.999907, 0, 1, 0, -0.999907, 0, -0.0136315, 8.21086, 0.149171, -4.53933), 2], [Vector3(11.57, 0.14917, -4.9636), Vector3(0, 1, 0), Transform3D(0.984871, 0, -0.173289, 0, 1, 0, 0.173289, 0, 0.984871, 11.57, 0.14917, -4.9636), 6], [Vector3(13.2543, 0.149168, -4.85605), Vector3(0, 1, 0), Transform3D(-0.915165, 0, -0.403079, 0, 1, 0, 0.403079, 0, -0.915165, 13.2543, 0.149168, -4.85605), 6], [Vector3(12.7999, 0.149169, -4.38786), Vector3(0, 1, 0), Transform3D(0.186245, 0, -0.982503, 0, 1, 0, 0.982503, 0, 0.186245, 12.7999, 0.149169, -4.38786), 6], [Vector3(9.43061, 0.149171, -4.42189), Vector3(0, 1, 0), Transform3D(-0.697329, 0, 0.716752, 0, 1, 0, -0.716752, 0, -0.697329, 9.43061, 0.149171, -4.42189), 2], [Vector3(10.8809, 0.149169, -2.865), Vector3(0, 1, 0), Transform3D(0.802006, 0, 0.597316, 0, 1, 0, -0.597316, 0, 0.802006, 10.8809, 0.149169, -2.865), 2], [Vector3(12.8295, 0.14917, 2.34113), Vector3(0, 1, 0), Transform3D(0.576134, 0, 0.817355, 0, 1, 0, -0.817355, 0, 0.576134, 12.8295, 0.14917, 2.34113), 7], [Vector3(13.3526, 0.14917, -3.42079), Vector3(0, 1, 0), Transform3D(-0.990429, 0, -0.13802, 0, 1, 0, 0.13802, 0, -0.990429, 13.3526, 0.14917, -3.42079), 6], [Vector3(13.9501, 0.149169, -1.83874), Vector3(0, 1, 0), Transform3D(0.179397, 0, -0.983777, 0, 1, 0, 0.983777, 0, 0.179397, 13.9501, 0.149169, -1.83874), 6], [Vector3(12.3789, 0.149171, 0.694071), Vector3(0, 1, 0), Transform3D(-0.998631, 0, -0.0523109, 0, 1, 0, 0.0523109, 0, -0.998631, 12.3789, 0.149171, 0.694071), 7], [Vector3(10.3379, 0.14917, -0.371982), Vector3(0, 1, 0), Transform3D(0.99912, 0, 0.041949, 0, 1, 0, -0.041949, 0, 0.99912, 10.3379, 0.14917, -0.371982), 3], [Vector3(8.28525, 0.14917, 2.31702), Vector3(0, 1, 0), Transform3D(0.236374, 0, -0.971662, 0, 1, 0, 0.971662, 0, 0.236374, 8.28525, 0.14917, 2.31702), 3], [Vector3(10.1888, 0.14917, -3.34108), Vector3(0, 1, 0), Transform3D(0.210798, 0, -0.97753, 0, 1, 0, 0.97753, 0, 0.210798, 10.1888, 0.14917, -3.34108), 2], [Vector3(11.6141, 0.14917, -2.01797), Vector3(0, 1, 0), Transform3D(-0.879595, 0, 0.475724, 0, 1, 0, -0.475724, 0, -0.879595, 11.6141, 0.14917, -2.01797), 6], [Vector3(8.64787, 0.14917, -2.1218), Vector3(0, 1, 0), Transform3D(-0.681726, 0, 0.731608, 0, 1, 0, -0.731608, 0, -0.681726, 8.64787, 0.14917, -2.1218), 2], [Vector3(9.30674, 0.149171, -0.739464), Vector3(0, 1, 0), Transform3D(-0.18088, 0, 0.983505, 0, 1, 0, -0.983505, 0, -0.18088, 9.30674, 0.149171, -0.739464), 3], [Vector3(13.9331, 0.14917, 1.21488), Vector3(0, 1, 0), Transform3D(-0.971488, 0, 0.23709, 0, 1, 0, -0.23709, 0, -0.971488, 13.9331, 0.14917, 1.21488), 7], [Vector3(8.21416, 0.149171, -0.294784), Vector3(0, 1, 0), Transform3D(0.38872, 0, 0.921356, 0, 1, 0, -0.921356, 0, 0.38872, 8.21416, 0.149171, -0.294784), 3], [Vector3(10.6749, 0.14917, -3.93363), Vector3(0, 1, 0), Transform3D(-0.876476, 0, 0.481445, 0, 1, 0, -0.481445, 0, -0.876476, 10.6749, 0.14917, -3.93363), 2], [Vector3(8.96266, 0.149169, 0.614046), Vector3(0, 1, 0), Transform3D(0.751305, 0, -0.659956, 0, 1, 0, 0.659956, 0, 0.751305, 8.96266, 0.149169, 0.614046), 3]]
child_nodes = []
max_members = 75
min_leaf_extent = 1.0
octant = 4
is_leaf = true
center_pos = Vector3(11, -1, -1)
extent = 4.0
bounds = AABB(7, -5, -5, 8, 8, 8)
max_bounds_to_center_dist = 6.9282
min_bounds_to_center_dist = 4.0
active_LOD_index = 0
metadata/class = "MMIOctreeNode"

[sub_resource type="Resource" id="Resource_p7xsg"]
resource_local_to_scene = true
resource_name = "MMIOctreeNode"
script = ExtResource("11_t7ktp")
